4216.6 2923.3 -1.3 185 0 7.6 26.8 5.0 2.5 2 1 2 3 3
4235.4 2879.1 -1.1 95 0 6.6 15.9 7.5 2.5 2 1 3 0 0
4212.2 2889.0 -1.5 182 0 14.9 9.7 7.5 2.5 2 0 3 1 1
4155.3 2846.7 -3.5 94 0 13.1 8.1 5.0 2.5 2 0 2 5 5
4147.1 2843.5 -4.1 9 0 8.6 14.1 7.5 2.5 2 1 3 2 2
4165.4 2831.6 -4.1 193 0 8.2 13.6 5.0 2.5 4 1 2 3 3
4209.4 2855.0 -2.7 277 0 13.2 8.2 7.5 2.5 2 0 3 5 5
4223.8 2849.1 -2.5 10 0 8.3 6.6 7.5 2.5 2 0 3 5 5
4221.4 2823.9 -4.0 278 0 8.8 6.2 5.0 2.5 2 0 2 1 1
4219.4 2813.4 -4.6 7 0 9.6 9.4 7.5 2.5 2 0 3 2 2
4213.1 2832.8 -3.7 8 0 10.0 10.4 5.0 2.5 2 1 2 1 1
4188.1 2850.4 -2.9 102 0 10.2 10.2 5.0 2.5 2 0 2 5 5
4181.8 2804.6 -4.6 101 0 14.2 9.8 2.5 2.5 2 0 1 0 0
4573.5 3051.9 -2.3 289 0 18.1 12.8 7.5 2.5 2 0 3 3 3
4305.0 3114.3 -0.1 292 0 10.2 11.1 10.0 2.5 2 1 4 0 0
4330.4 3199.2 -2.9 31 0 16.9 16.4 12.5 2.5 2 0 5 3 3
4413.4 3170.9 0.3 23 0 7.3 9.1 7.5 2.5 2 1 3 1 1
4427.0 3173.0 0.3 17 0 13.5 11.4 7.5 2.5 2 0 3 1 1
4486.4 3130.5 0.6 21 0 33.6 11.8 10.0 2.5 2 0 4 3 3
4487.1 3216.4 -3.7 291 0 9.0 7.1 2.5 2.5 2 0 1 2 2
4496.1 3160.7 -0.5 21 0 20.0 10.3 10.0 2.5 4 0 4 2 2
4437.3 3160.5 0.5 200 0 11.4 33.8 5.0 2.5 2 1 2 1 1
4451.1 3201.1 -3.4 200 0 64.6 11.8 10.0 2.5 2 0 4 1 1
4453.3 3097.0 0.5 122 0 18.7 19.5 7.5 0.0 0 1 3 0 0
4409.4 2898.8 -0.2 20 0 7.3 32.7 5.0 2.5 2 1 2 5 5
4347.4 2864.5 -1.2 20 0 18.8 16.6 10.0 2.5 2 0 4 1 1
4356.7 2924.9 -0.2 286 0 16.5 11.1 7.5 2.5 4 0 3 3 3
4378.5 3014.7 0.1 198 0 10.9 13.0 5.0 2.5 2 1 2 2 2
4365.2 2944.4 -0.1 305 0 14.7 15.2 5.0 0.0 0 1 2 2 2
4304.3 2943.0 -0.4 273 0 6.4 11.0 2.5 2.5 2 1 1 0 0
4251.6 2908.4 -1.0 276 0 8.4 13.9 7.5 2.5 2 1 3 2 2
4291.0 2830.1 -3.5 9 0 9.6 10.4 7.5 2.5 2 1 3 2 2
4278.0 2821.9 -3.9 11 0 9.2 8.9 5.0 2.5 2 0 2 5 5
4244.4 2849.5 -2.8 277 0 8.7 16.9 5.0 2.5 2 1 2 4 4
4255.3 2799.7 -4.9 7 0 12.1 13.6 7.5 0.0 0 1 3 3 3
4221.8 2946.2 -1.2 185 0 8.6 15.4 5.0 0.0 0 1 2 5 5
4203.0 2988.1 -1.5 10 0 11.1 9.2 7.5 2.5 2 0 3 4 4
4198.5 2923.5 -1.7 11 0 15.3 5.4 5.0 2.5 4 0 2 2 2
4194.6 2933.9 -1.9 8 0 4.7 11.9 5.0 0.0 0 1 2 0 0
4172.9 2943.9 -2.3 14 0 7.8 13.3 5.0 0.0 0 1 2 0 0
4176.8 2961.6 -2.1 12 0 8.2 13.0 5.0 2.5 2 1 2 2 2
4180.0 2974.0 -2.1 331 0 9.0 15.7 5.0 2.5 2 1 2 1 1
4514.6 2903.5 -4.0 109 0 9.3 7.2 5.0 2.5 2 0 2 4 4
4486.4 2935.5 -0.2 21 0 7.8 8.2 7.5 2.5 4 1 3 2 2
4487.4 3003.5 -0.0 198 0 11.4 8.8 2.5 2.5 4 0 1 0 0
