5995.2 -1510.3 -4.7 58 0 16.0 9.2 7.5 2.5 2 0 3 1 1
5989.9 -1534.2 -5.0 57 0 6.3 8.8 5.0 2.5 2 1 2 4 4
6002.6 -1548.7 -5.3 325 0 4.2 15.5 2.5 0.0 0 1 1 2 2
6013.3 -1570.7 -5.1 35 0 10.4 7.9 7.5 2.5 2 0 3 1 1
6046.9 -1617.5 -4.4 306 0 8.6 10.2 7.5 2.5 2 1 3 5 5
6029.7 -1610.7 -4.5 303 0 5.6 12.5 2.5 2.5 2 1 1 1 1
6077.1 -1696.1 -3.1 114 0 20.4 6.5 5.0 2.5 2 0 2 4 4
6112.0 -1677.0 -3.4 30 0 10.7 5.3 5.0 2.5 2 0 2 2 2
6112.3 -1542.7 -3.3 307 0 13.4 18.8 10.0 2.5 2 1 4 5 5
6121.3 -1570.5 -3.1 24 0 8.1 7.2 2.5 2.5 2 0 1 5 5
6124.6 -1584.6 -3.2 34 0 7.2 10.7 5.0 2.5 2 1 2 5 5
6120.8 -1674.6 -3.3 212 0 10.3 9.8 7.5 2.5 2 0 3 5 5
6112.3 -1687.8 -3.4 208 0 9.0 10.4 2.5 2.5 2 1 1 1 1
6187.8 -1672.8 -3.0 29 0 12.6 9.6 7.5 0.0 0 0 3 5 5
6199.0 -1655.3 -2.6 30 0 12.7 9.6 2.5 2.5 2 0 1 0 0
6253.7 -1694.5 -3.3 118 0 3.1 16.3 7.5 2.5 4 1 3 5 5
6261.9 -1634.2 -2.3 208 0 11.1 19.7 10.0 2.5 2 1 4 5 5
6235.8 -1619.7 -2.0 209 0 12.2 21.5 7.5 2.5 2 1 3 0 0
6228.7 -1575.1 -1.6 204 0 10.1 10.7 5.0 2.5 2 1 2 2 2
6194.4 -1533.7 -1.9 207 0 10.8 7.8 7.5 2.5 2 0 3 3 3
6213.7 -1498.2 -1.8 209 0 12.2 5.3 2.5 2.5 2 0 1 0 0
6151.2 -1456.7 -2.7 298 0 11.5 12.2 7.5 2.5 2 1 3 4 4
6189.2 -1438.0 -2.7 296 0 9.3 14.5 7.5 2.5 2 1 3 2 2
6021.1 -1423.3 -2.5 233 0 8.9 11.1 7.5 2.5 4 1 3 5 5
6005.6 -1432.1 -2.9 235 0 15.7 12.5 5.0 2.5 2 0 2 1 1
5961.9 -1441.0 -3.0 54 0 17.7 7.2 5.0 2.5 2 0 2 0 0
6133.3 -1588.4 -2.9 200 0 7.0 8.6 5.0 2.5 2 1 2 2 2
6287.9 -1575.8 -1.0 298 0 4.4 16.5 2.5 2.5 2 1 1 2 2
6311.4 -1620.0 -1.6 300 0 6.9 8.5 7.5 2.5 4 1 3 5 5
6315.6 -1601.9 -1.1 206 0 11.0 8.8 2.5 2.5 4 0 1 3 3
6138.0 -1409.5 -3.0 268 0 11.1 13.7 2.5 2.5 2 1 1 1 1
6196.6 -1636.1 -2.2 206 0 6.6 10.3 5.0 0.0 0 1 2 1 1
6162.2 -1595.7 -2.6 206 0 9.2 10.4 5.0 0.0 0 1 2 1 1
6089.8 -1415.4 -2.4 320 0 8.1 6.5 7.5 2.5 4 0 3 4 4
6030.8 -1516.1 -4.1 132 0 8.0 7.1 5.0 2.5 2 0 2 2 2
6008.7 -1560.1 -5.1 62 0 10.2 6.6 2.5 2.5 2 0 1 4 4
5857.7 -1530.0 -4.0 53 0 8.0 8.0 7.5 2.5 2 1 3 4 4
5922.6 -1493.0 -3.9 232 0 7.0 9.0 7.5 2.5 2 1 3 2 2
5941.8 -1479.4 -4.3 235 0 7.1 29.9 5.0 2.5 4 1 2 1 1
5912.7 -1594.6 -3.9 213 0 17.1 11.3 7.5 2.5 2 0 3 2 2
5953.6 -1645.6 -4.2 128 0 8.1 6.3 5.0 2.5 2 0 2 3 3
5988.5 -1583.1 -5.1 310 0 7.9 9.5 5.0 2.5 4 1 2 2 2
5968.2 -1575.2 -4.9 288 0 12.8 20.6 7.5 2.5 2 1 3 5 5
2298.6 -6323.2 -4.3 124 0 6.8 11.6 5.0 0.0 0 1 2 2 2
2291.2 -6309.6 -4.3 142 0 6.8 11.6 5.0 0.0 0 1 2 0 0
2277.2 -6304.7 -4.9 179 0 6.8 11.6 5.0 0.0 0 1 2 3 3
2614.4 -6131.5 -3.3 89 0 7.3 16.7 7.5 2.5 2 1 3 0 0
2271.6 -6285.7 -4.8 179 0 6.8 11.6 5.0 0.0 0 1 2 1 1
2259.3 -6269.4 -5.2 178 0 6.8 11.6 5.0 0.0 0 1 2 1 1
2279.4 -6242.7 -3.8 179 0 6.8 11.6 5.0 0.0 0 1 2 5 5
2260.5 -6240.0 -4.8 178 0 6.7 11.6 5.0 0.0 0 1 2 5 5
2261.4 -6225.7 -4.6 179 0 6.8 11.6 5.0 0.0 0 1 2 5 5
2265.0 -6210.7 -4.3 197 0 6.7 11.6 5.0 0.0 0 1 2 3 3
2271.1 -6191.0 -3.8 197 0 6.7 11.6 5.0 0.0 0 1 2 4 4
2280.3 -6177.7 -3.7 215 0 6.7 11.6 5.0 0.0 0 1 2 2 2
2313.1 -6151.6 -2.6 197 0 6.7 11.6 5.0 0.0 0 1 2 0 0
2378.3 -6113.5 -2.6 233 0 6.7 11.7 5.0 0.0 0 1 2 3 3
2387.3 -6100.7 -3.1 233 0 6.7 11.7 5.0 0.0 0 1 2 0 0
2466.4 -6081.4 -3.5 272 0 6.7 11.7 5.0 0.0 0 1 2 2 2
2449.6 -6084.4 -3.1 272 0 6.8 11.7 5.0 0.0 0 1 2 4 4
2522.1 -6064.2 -5.5 272 0 6.8 11.7 7.5 0.0 0 1 3 0 0
2547.3 -6206.0 -4.6 339 0 9.1 12.6 7.5 2.5 2 1 3 3 3
2590.4 -6063.0 -4.2 272 0 6.8 11.7 5.0 0.0 0 1 2 2 2
2604.7 -6074.3 -3.7 291 0 6.8 11.7 2.5 0.0 0 1 1 5 5
2620.2 -6074.1 -3.4 291 0 6.8 11.7 5.0 0.0 0 1 2 5 5
2676.6 -6117.2 -2.6 311 0 6.8 11.6 5.0 0.0 0 1 2 5 5
2692.2 -6118.6 -3.5 311 0 6.8 11.6 5.0 0.0 0 1 2 2 2
2702.1 -6131.5 -3.8 311 0 6.8 11.6 5.0 0.0 0 1 2 4 4
2718.5 -6133.3 -4.5 311 0 6.8 11.6 5.0 0.0 0 1 2 3 3
2555.1 -6255.2 -4.7 106 0 6.7 11.7 5.0 0.0 0 1 2 5 5
2568.7 -6198.3 -4.4 272 0 12.1 9.7 5.0 2.5 2 0 2 2 2
2533.1 -6243.8 -4.8 68 0 6.8 11.7 5.0 0.0 0 1 2 0 0
2512.4 -6273.6 -5.0 69 0 6.8 11.7 5.0 0.0 0 1 2 5 5
2500.6 -6279.2 -5.0 68 0 6.8 11.7 2.5 0.0 0 1 1 1 1
2489.3 -6271.2 -5.0 68 0 6.8 11.7 5.0 0.0 0 1 2 3 3
2478.9 -6262.5 -4.9 68 0 6.8 11.7 5.0 0.0 0 1 2 0 0
2461.7 -6274.6 -4.5 68 0 6.8 11.7 5.0 0.0 0 1 2 4 4
2585.1 -6130.3 -4.0 89 0 7.3 16.7 2.5 2.5 2 1 1 4 4
2417.6 -6268.2 -3.6 252 0 6.7 11.7 5.0 0.0 0 1 2 2 2
2416.1 -6290.2 -3.8 69 0 6.8 11.7 5.0 0.0 0 1 2 4 4
2392.5 -6289.1 -3.5 160 0 6.8 11.6 5.0 0.0 0 1 2 1 1
2307.4 -6173.8 -3.3 197 0 6.7 11.6 5.0 0.0 0 1 2 5 5
2339.1 -6136.3 -2.0 233 0 6.7 11.7 5.0 0.0 0 1 2 0 0
2372.2 -6128.6 -2.3 233 0 6.7 11.7 5.0 0.0 0 1 2 5 5
2334.3 -6244.0 -2.8 334 0 7.1 7.7 5.0 2.5 2 1 2 3 3
2316.5 -6224.1 -3.0 154 0 7.1 7.7 7.5 2.5 4 1 3 5 5
2457.9 -6208.1 -4.4 75 0 16.0 15.5 5.0 2.5 4 0 2 2 2
2476.0 -6203.1 -4.9 75 0 16.0 15.5 2.5 2.5 2 0 1 5 5
2491.2 -6165.9 -4.5 345 0 15.5 16.0 5.0 2.5 2 1 2 3 3
2473.8 -6168.8 -4.2 346 0 23.9 11.9 12.5 2.5 2 0 5 0 0
2521.5 -6203.0 -4.9 346 0 9.2 23.8 5.0 2.5 2 1 2 1 1
2691.9 -6177.1 -3.0 307 0 15.7 26.7 10.0 0.0 0 1 4 0 0
2717.3 -6204.6 -3.4 293 0 5.5 9.1 5.0 2.5 2 1 2 0 0
