3941.9 -5945.2 -7.8 210 0 7.9 16.3 7.5 2.5 2 1 3 4 4
3940.8 -5999.6 -6.1 69 0 19.3 10.7 7.5 2.5 2 0 3 3 3
4111.1 -5865.9 -4.2 315 0 14.2 6.5 5.0 2.5 2 0 2 2 2
4084.4 -5892.1 -2.9 54 0 7.4 12.1 7.5 0.0 0 1 3 1 1
3982.1 -5966.1 -7.6 123 0 15.4 33.8 12.5 2.5 2 1 5 1 1
4102.4 -5728.5 -2.1 124 0 20.0 15.4 10.0 2.5 2 0 4 4 4
4138.9 -5768.4 -1.0 305 0 15.6 27.2 7.5 2.5 2 1 3 3 3
4021.3 -5903.9 -1.8 234 0 32.6 15.8 10.0 2.5 2 0 4 0 0
4081.4 -5822.5 -0.7 125 0 42.7 15.3 10.0 2.5 2 0 4 0 0
4084.1 -5783.6 -0.6 217 0 16.8 43.1 12.5 2.5 2 1 5 0 0
4085.3 -5761.6 -0.8 38 0 5.8 20.0 7.5 0.0 0 1 3 1 1
4079.0 -5769.3 -0.8 40 0 7.4 20.0 5.0 2.5 2 1 2 5 5
4072.6 -5780.7 -0.5 37 0 9.1 18.8 5.0 2.5 2 1 2 1 1
4050.0 -5798.8 -0.1 127 0 15.5 20.3 12.5 2.5 2 1 5 5 5
