-2078.8 4391.7 -3.1 360 0 5.6 12.9 7.5 2.5 2 0 3 5 5
-2074.4 4408.4 -3.0 334 0 5.0 12.2 7.5 2.5 2 0 3 2 2
-2084.4 4417.8 -2.9 320 0 5.0 12.2 5.0 2.5 2 0 2 3 3
-2108.4 4441.3 -2.7 206 0 5.9 13.1 7.5 0.0 0 0 3 1 1
-2083.5 4446.8 -1.9 13 0 5.1 12.3 7.5 2.5 4 0 3 2 2
-2073.1 4474.9 -0.9 344 0 5.0 11.3 7.5 2.5 2 0 3 4 4
-2075.9 4353.0 -4.5 31 0 4.7 12.1 2.5 2.5 2 0 1 4 4
-2084.0 4375.0 -3.3 222 0 5.1 11.8 5.0 2.5 2 0 2 0 0
-2115.3 4646.3 -0.4 20 0 4.9 13.3 7.5 2.5 2 0 3 2 2
-2144.3 4570.7 -1.3 216 0 4.9 11.1 5.0 0.0 0 0 2 1 1
-2126.2 4636.6 -0.7 29 0 4.6 12.9 7.5 0.0 0 0 3 3 3
-2119.7 4562.9 -0.8 37 0 5.0 11.2 2.5 2.5 2 0 1 0 0
-2130.5 4616.1 -1.0 322 0 5.1 12.2 7.5 2.5 2 0 3 2 2
-2060.5 4389.9 -3.7 256 0 5.0 13.4 2.5 2.5 2 0 1 3 3
-2046.0 4375.0 -4.7 90 0 4.7 13.5 7.5 2.5 2 0 3 1 1
-1987.3 4504.7 -3.2 249 0 4.5 12.5 7.5 2.5 2 0 3 1 1
-1984.3 4552.0 -0.7 215 0 5.0 13.4 5.0 2.5 2 0 2 0 0
-1972.6 4560.3 -0.5 226 0 4.7 11.8 7.5 2.5 2 0 3 0 0
-1970.2 4488.3 -4.7 81 0 4.9 13.9 5.0 0.0 0 0 2 2 2
-1958.3 4565.6 -0.2 250 0 5.2 12.8 5.0 0.0 0 0 2 3 3
-2001.9 4502.0 -3.1 231 0 4.9 12.2 2.5 2.5 2 0 1 4 4
-2002.8 4430.5 -4.9 78 0 5.2 14.3 7.5 2.5 2 0 3 3 3
-1940.6 4550.3 -2.4 77 0 4.6 12.5 7.5 2.5 2 0 3 1 1
-1962.2 4509.8 -1.9 357 0 5.2 11.4 5.0 2.5 2 0 2 1 1
-1996.5 4450.7 -3.7 356 0 4.6 10.9 5.0 2.5 2 0 2 2 2
-2025.1 4392.4 -5.1 357 0 4.7 11.7 7.5 0.0 0 0 3 4 4
-1983.2 4520.7 -1.2 178 0 5.2 13.2 5.0 0.0 0 0 2 5 5
-1946.7 4872.9 -1.9 178 0 4.1 12.7 7.5 2.5 2 0 3 2 2
-1913.6 4887.7 -2.0 31 0 5.0 13.2 5.0 2.5 2 0 2 1 1
-1951.0 4860.9 -1.8 177 0 4.8 12.3 7.5 2.5 2 0 3 1 1
-1933.4 4775.6 -1.9 148 0 4.6 12.4 7.5 2.5 4 0 3 3 3
-1939.6 4823.7 -2.1 202 0 4.5 13.8 7.5 2.5 2 0 3 4 4
-1967.0 4922.3 -0.5 176 0 4.8 12.2 5.0 2.5 2 0 2 3 3
-1917.9 4768.2 -2.3 132 0 5.1 14.2 5.0 2.5 2 0 2 3 3
-1938.0 4885.3 -1.9 198 0 4.8 12.8 5.0 2.5 2 0 2 2 2
-1929.3 4613.8 -0.5 53 0 5.0 11.3 7.5 2.5 2 0 3 3 3
-1941.0 4847.5 -2.1 157 0 4.7 12.8 7.5 2.5 2 0 3 0 0
-1951.2 4623.3 0.1 229 0 4.6 11.0 7.5 2.5 2 0 3 0 0
-2000.5 4992.1 -1.6 163 0 4.6 11.2 5.0 2.5 4 0 2 3 3
-2027.7 4986.8 -2.6 74 0 4.7 12.4 2.5 2.5 2 0 1 4 4
-2008.7 5009.8 -3.4 61 0 4.8 12.8 7.5 2.5 2 0 3 3 3
-2140.8 4754.6 -1.8 330 0 14.0 16.0 2.5 2.5 2 1 1 1 1
-2090.2 4929.3 -1.4 279 0 12.3 12.8 7.5 2.5 2 1 3 1 1
-2038.2 4989.5 -2.8 94 0 5.0 13.0 7.5 2.5 4 0 3 4 4
-2023.1 4988.1 -2.6 74 0 4.8 12.4 5.0 2.5 2 0 2 2 2
-2082.3 4451.8 -1.6 14 0 5.1 12.3 5.0 0.0 0 0 2 0 0
-2074.5 4479.6 -0.9 344 0 4.9 11.3 7.5 2.5 2 0 3 0 0
-2075.4 4465.1 -1.1 359 0 5.7 12.4 2.5 2.5 2 0 1 2 2
-2111.4 4913.2 -1.7 190 0 13.0 11.6 7.5 2.5 2 0 3 3 3
-1986.6 5024.6 -3.7 22 0 7.9 17.1 2.5 2.5 2 1 1 4 4
-1932.5 4720.4 -2.1 187 0 14.7 13.7 5.0 0.0 0 0 2 5 5
-1895.6 4737.9 -1.6 271 0 11.0 11.9 7.5 2.5 2 1 3 5 5
-1961.3 4691.7 -1.0 40 0 11.1 23.1 5.0 0.0 0 1 2 3 3
-1973.7 4600.8 -0.1 358 0 15.4 15.1 7.5 0.0 0 0 3 2 2
-1936.0 4551.3 -3.8 77 0 4.6 12.5 5.0 2.5 2 0 2 4 4
-1997.7 4431.5 -6.1 78 0 5.2 14.3 5.0 2.5 2 0 2 0 0
-2041.3 4375.0 -5.4 89 0 4.7 13.5 2.5 2.5 2 0 1 0 0
-1962.5 4515.0 -1.5 357 0 5.2 11.4 2.5 2.5 2 0 1 3 3
-2148.4 4644.3 -1.0 225 0 5.4 12.8 5.0 2.5 2 0 2 1 1
-2113.6 4676.6 -0.1 358 0 4.4 11.8 2.5 2.5 2 0 1 2 2
-2106.9 4664.4 -0.0 4 0 4.8 12.8 5.0 2.5 2 0 2 5 5
-2116.7 4566.9 -0.7 37 0 5.0 11.2 7.5 2.5 2 0 3 2 2
-2147.2 4566.7 -1.4 216 0 5.0 11.1 7.5 2.5 2 0 3 3 3
-2122.9 4558.8 -1.0 310 0 4.9 13.7 2.5 2.5 2 0 1 2 2
-2112.0 4493.9 -1.3 300 0 4.7 10.9 5.0 2.5 2 0 2 0 0
-2087.6 4421.6 -2.9 320 0 5.0 12.2 5.0 2.5 2 0 2 3 3
-2086.6 4378.1 -3.0 17 0 5.1 13.3 5.0 2.5 2 0 2 0 0
-2070.9 4389.3 -3.3 238 0 4.5 12.7 7.5 2.5 2 0 3 4 4
-2045.9 4440.0 -1.0 216 0 5.0 12.8 7.5 2.5 4 0 3 4 4
-2017.3 4448.3 -1.8 244 0 4.8 13.3 2.5 2.5 2 0 1 1 1
-2012.6 4499.3 -2.8 218 0 5.2 12.9 5.0 2.5 2 0 2 2 2
-1998.2 4505.1 -3.1 231 0 4.8 12.2 7.5 2.5 2 0 3 4 4
-1983.3 4525.9 -0.8 179 0 5.2 13.2 5.0 2.5 2 0 2 2 2
-1985.4 4540.9 -0.6 197 0 4.5 12.1 2.5 2.5 4 0 1 0 0
-1954.1 4584.7 -0.1 176 0 4.7 10.8 7.5 2.5 2 0 3 3 3
-1947.7 4626.3 -0.1 229 0 4.5 11.0 7.5 2.5 2 0 3 4 4
-1925.3 4616.8 -0.8 53 0 5.0 11.3 5.0 2.5 2 0 2 3 3
-1949.0 4972.1 0.4 285 0 5.6 12.4 7.5 2.5 2 0 3 4 4
-1983.2 4957.9 -0.2 129 0 4.8 12.0 5.0 2.5 4 0 2 2 2
-2001.8 4996.4 -1.8 163 0 4.6 11.2 5.0 2.5 2 0 2 4 4
-1923.9 4908.8 -1.7 301 0 5.4 13.8 7.5 2.5 2 0 3 5 5
-1933.9 4954.3 0.2 32 0 4.8 12.7 7.5 2.5 2 0 3 4 4
-1929.9 4844.0 -2.3 147 0 5.1 12.8 2.5 2.5 2 0 1 0 0
-1942.8 4851.8 -2.0 157 0 4.7 12.8 5.0 2.5 4 0 2 1 1
-1951.2 4865.6 -1.8 177 0 4.8 12.3 5.0 2.5 4 0 2 0 0
-1946.9 4877.0 -1.8 178 0 4.1 12.7 5.0 2.5 4 0 2 3 3
-1911.1 4892.0 -2.0 31 0 5.0 13.2 5.0 2.5 4 0 2 2 2
-1921.7 4771.6 -2.2 132 0 5.2 14.2 5.0 2.5 2 0 2 2 2
-1947.9 4790.5 -1.8 165 0 4.7 13.2 5.0 2.5 2 0 2 4 4
-1922.2 4835.9 -2.5 217 0 4.6 12.6 7.5 2.5 4 0 3 2 2
-5913.2 284.4 -1.4 323 0 5.6 10.1 5.0 2.5 2 1 2 1 1
-6144.8 64.2 -5.1 272 0 16.2 28.0 10.0 0.0 0 1 4 1 1
-6086.6 351.4 -2.8 57 0 7.1 12.3 2.5 0.0 0 1 1 4 4
-5859.6 114.6 -4.8 160 0 40.9 12.8 12.5 2.5 2 0 5 4 4
-5864.1 84.0 -3.5 336 0 16.3 20.4 15.0 0.0 0 1 6 3 3
-5857.9 169.6 -4.2 345 0 15.0 13.5 5.0 2.5 2 0 2 4 4
-5885.3 166.6 -1.7 349 0 39.0 17.9 10.0 2.5 2 0 4 0 0
-2257.2 2176.6 3.0 112 0 7.7 9.0 7.5 2.5 2 1 3 0 0
-2273.3 2250.7 -1.5 26 0 7.4 8.4 5.0 2.5 2 1 2 0 0
-2342.4 2277.3 -1.9 26 0 9.4 5.4 2.5 2.5 2 0 1 1 1
-2351.4 2258.8 -1.5 27 0 5.9 10.0 7.5 0.0 0 1 3 5 5
-2406.9 2243.5 -2.8 204 0 10.6 13.6 10.0 2.5 2 1 4 2 2
-2361.9 2222.9 -1.1 16 0 8.0 16.8 7.5 2.5 2 1 3 3 3
-2384.5 2290.9 -3.6 206 0 10.7 11.8 5.0 2.5 2 1 2 4 4
-2367.7 2359.6 -5.6 44 0 15.1 13.5 10.0 2.5 4 0 4 3 3
-2378.1 2327.1 -5.6 26 0 20.2 21.3 7.5 2.5 2 1 3 1 1
-2110.6 1856.6 -1.2 202 0 16.6 12.5 2.5 2.5 4 0 1 4 4
-2152.6 1852.3 0.1 23 0 11.8 10.8 10.0 2.5 2 0 4 4 4
-2236.1 1798.6 1.2 203 0 9.8 10.2 5.0 2.5 2 1 2 1 1
-2230.0 1817.5 1.6 203 0 11.6 6.0 7.5 2.5 2 0 3 2 2
-2271.8 1860.8 2.9 205 0 16.9 10.7 2.5 2.5 2 0 1 4 4
-2282.3 1715.2 -1.5 22 0 11.8 24.8 12.5 2.5 2 1 5 2 2
-2311.4 1710.0 -1.9 206 0 17.6 23.1 10.0 2.5 2 1 4 1 1
-2160.0 1914.9 1.0 24 0 9.4 25.9 7.5 2.5 2 1 3 3 3
-2197.3 1895.1 1.8 202 0 17.3 13.1 5.0 0.0 0 0 2 4 4
-2202.4 1874.0 2.0 205 0 11.2 10.1 5.0 2.5 2 0 2 5 5
-2144.1 1725.6 -0.8 293 0 12.1 24.7 7.5 2.5 2 1 3 2 2
-2157.0 1731.4 -0.8 293 0 11.7 49.9 7.5 0.0 0 1 3 4 4
-2172.7 1736.8 -0.7 293 0 9.2 49.0 7.5 0.0 0 1 3 2 2
-2184.9 1742.5 -0.4 294 0 10.2 48.9 10.0 0.0 0 1 4 4 4
-2098.2 1826.1 -1.3 24 0 24.1 11.7 7.5 0.0 0 0 3 4 4
-2008.8 1929.2 -4.7 334 0 10.8 29.0 17.5 0.0 0 1 7 4 4
-2289.3 2182.0 2.5 294 0 6.1 21.6 2.5 2.5 2 1 1 3 3
-2267.9 2239.7 -1.2 207 0 8.8 6.7 7.5 2.5 2 0 3 5 5
-2253.9 2265.6 -4.1 217 0 23.6 17.5 12.5 2.5 2 0 5 4 4
-2189.3 2131.4 3.7 289 0 12.5 6.4 7.5 2.5 2 0 3 2 2
-2269.9 2008.3 3.4 199 0 9.5 24.3 5.0 2.5 2 1 2 3 3
-2247.2 2029.3 3.1 290 0 21.2 12.6 12.5 2.5 2 0 5 0 0
-2244.4 2046.5 3.0 286 0 26.1 9.9 7.5 2.5 2 0 3 2 2
-2228.5 1968.3 3.2 111 0 29.4 13.7 10.0 2.5 2 0 4 2 2
-2198.3 2021.1 2.7 25 0 14.1 24.8 10.0 2.5 2 1 4 5 5
-2185.6 2017.5 2.0 294 0 13.0 23.7 7.5 2.5 2 1 3 0 0
-2173.0 2043.8 1.6 199 0 13.9 10.3 7.5 2.5 2 0 3 3 3
-2063.4 2045.9 -4.0 327 0 9.5 23.5 5.0 2.5 2 1 2 4 4
-2060.0 2028.7 -4.7 330 0 10.3 27.0 12.5 2.5 2 1 5 2 2
-2340.1 1720.1 -2.3 202 0 14.6 6.6 5.0 0.0 0 0 2 5 5
-2348.9 1723.4 -2.6 24 0 14.3 12.1 5.0 2.5 2 0 2 5 5
-2449.9 1773.3 1.6 295 0 3.8 14.3 5.0 2.5 2 1 2 5 5
-2418.5 1748.5 -2.4 23 0 9.8 8.5 7.5 2.5 2 0 3 0 0
-2480.5 1948.8 2.5 23 0 9.7 11.6 5.0 2.5 2 1 2 4 4
-2434.7 1886.1 3.7 294 0 10.0 21.1 7.5 2.5 2 1 3 3 3
-2318.2 1989.9 3.1 117 0 10.9 9.7 2.5 2.5 2 0 1 2 2
-2324.8 1958.3 3.8 26 0 9.6 11.8 2.5 2.5 2 1 1 5 5
-2341.2 2049.8 2.0 295 0 14.2 12.7 5.0 2.5 2 0 2 4 4
-2271.8 2112.0 2.8 19 0 14.9 9.2 5.0 2.5 2 0 2 4 4
-2302.6 2157.9 2.5 200 0 10.4 10.2 7.5 2.5 2 0 3 1 1
-2232.1 2175.8 2.9 23 0 14.4 4.2 5.0 2.5 2 0 2 5 5
-2221.0 2202.1 -0.3 23 0 7.3 8.3 7.5 2.5 2 1 3 0 0
-2201.5 2197.5 -1.0 201 0 12.2 8.6 2.5 2.5 2 0 1 4 4
-2118.6 2031.7 -1.7 295 0 10.5 29.0 10.0 2.5 2 1 4 3 3
-2370.2 2153.0 1.0 204 0 11.1 15.1 2.5 2.5 2 1 1 1 1
-2363.9 2194.5 0.3 201 0 7.0 7.9 7.5 2.5 2 1 3 4 4
-2369.5 2174.2 0.5 203 0 9.3 13.5 2.5 2.5 2 1 1 5 5
-2331.8 2266.4 -0.7 203 0 5.1 11.4 5.0 2.5 2 1 2 5 5
-2218.8 2093.6 3.5 206 0 9.7 6.7 7.5 2.5 2 0 3 4 4
-2180.8 2165.8 2.0 22 0 8.7 7.4 5.0 2.5 2 0 2 3 3
-2282.2 2177.8 2.7 294 0 4.4 12.1 7.5 2.5 2 1 3 1 1
-2243.4 2146.6 3.1 19 0 9.7 8.8 5.0 2.5 2 0 2 5 5
-2275.5 2129.7 2.8 112 0 9.1 12.5 5.0 2.5 2 1 2 1 1
-2300.8 1873.8 3.5 112 0 8.0 6.3 2.5 0.0 0 0 1 0 0
-2330.4 1920.2 4.0 201 0 14.7 13.9 7.5 2.5 2 0 3 4 4
-2342.0 1880.6 3.6 291 0 7.9 16.7 2.5 2.5 2 1 1 5 5
-2332.6 1785.2 -0.9 113 0 7.7 13.6 7.5 2.5 2 1 3 0 0
-2367.7 1824.3 2.9 202 0 12.7 9.3 7.5 0.0 0 0 3 1 1
-2422.7 2208.4 -2.6 207 0 9.1 10.3 7.5 2.5 2 1 3 0 0
-2452.7 2176.4 -2.7 24 0 9.7 26.1 7.5 2.5 2 1 3 3 3
-2287.4 2232.8 0.3 30 0 8.4 12.9 5.0 2.5 2 1 2 2 2
-2342.4 2228.4 0.5 208 0 10.9 8.2 7.5 2.5 2 0 3 3 3
-2304.6 2027.0 2.6 202 0 8.7 8.5 5.0 2.5 2 0 2 1 1
-2246.5 1811.0 1.1 25 0 9.6 6.5 7.5 2.5 2 0 3 3 3
-2246.1 1766.9 0.3 294 0 7.7 12.3 7.5 2.5 2 1 3 5 5
-2259.7 1745.5 -0.2 204 0 13.2 5.3 7.5 2.5 2 0 3 1 1
-2362.4 1841.5 3.2 200 0 11.0 8.0 2.5 2.5 2 0 1 3 3
-2370.8 1860.2 3.6 24 0 13.0 23.2 10.0 2.5 2 1 4 4 4
-2433.7 1938.3 3.6 109 0 11.5 8.2 7.5 2.5 4 0 3 4 4
-2437.9 2043.5 1.3 22 0 17.1 10.7 5.0 2.5 2 0 2 3 3
-2429.4 2084.1 0.8 26 0 11.7 8.1 5.0 2.5 2 0 2 5 5
-2490.4 2063.0 0.4 202 0 11.7 18.0 7.5 2.5 2 1 3 5 5
-2466.6 2066.9 1.0 22 0 10.4 17.4 5.0 2.5 2 1 2 0 0
-2497.3 2064.5 -2.3 26 0 10.2 12.4 5.0 2.5 2 1 2 5 5
-2481.6 2040.5 0.2 23 0 18.6 14.5 12.5 0.0 0 0 5 1 1
-2412.0 2147.9 -0.4 291 0 11.0 20.5 5.0 0.0 0 1 2 4 4
-2449.8 2129.1 0.1 197 0 14.3 8.6 2.5 2.5 2 0 1 1 1
