2356.4 3874.0 -5.0 346 0 12.0 18.9 2.5 2.5 2 1 1 1 1
2298.1 4029.7 -2.9 342 0 10.8 12.3 7.5 2.5 2 1 3 5 5
6696.5 4332.2 -5.1 341 0 6.4 9.3 7.5 2.5 2 1 3 0 0
6845.3 4232.7 -6.1 89 0 14.1 40.6 12.5 0.0 0 1 5 3 3
6710.7 4306.1 -4.6 325 0 6.6 8.6 5.0 2.5 2 1 2 0 0
6715.7 4300.4 -4.1 324 0 6.6 8.9 2.5 2.5 2 1 1 3 3
6720.2 4293.9 -4.1 325 0 6.7 8.9 7.5 2.5 2 1 3 1 1
6724.9 4287.9 -4.4 325 0 6.4 8.4 7.5 2.5 2 1 3 1 1
6720.4 4207.4 -7.0 89 0 6.5 13.4 5.0 2.5 4 1 2 3 3
6710.2 4204.7 -7.1 88 0 5.8 12.8 7.5 2.5 2 1 3 2 2
6700.3 4205.5 -7.0 88 0 5.7 13.3 7.5 2.5 2 1 3 2 2
6690.9 4203.3 -7.1 88 0 5.8 13.0 5.0 2.5 2 1 2 1 1
6660.6 4201.9 -7.0 90 0 5.6 12.7 5.0 0.0 0 1 2 1 1
6641.2 4201.1 -7.0 90 0 6.0 12.3 7.5 2.5 2 1 3 0 0
6621.7 4200.6 -6.9 89 0 5.7 12.5 7.5 0.0 0 1 3 5 5
6611.5 4217.0 -6.8 271 0 5.3 13.5 2.5 2.5 2 1 1 1 1
6617.5 4254.6 -3.9 92 0 7.0 8.0 7.5 2.5 4 1 3 3 3
6536.7 4211.1 -6.8 267 0 6.0 12.7 7.5 2.5 2 1 3 2 2
6526.6 4209.5 -6.9 265 0 6.2 13.0 5.0 2.5 2 1 2 2 2
6497.6 4204.6 -6.1 265 0 5.5 13.3 7.5 2.5 2 1 3 0 0
6488.4 4265.3 -3.7 186 0 15.6 23.0 10.0 0.0 0 1 4 2 2
6451.4 4203.3 -4.0 267 0 5.5 13.0 5.0 2.5 2 1 2 2 2
6424.1 4203.4 -4.1 267 0 6.4 13.2 5.0 2.5 2 1 2 5 5
6414.5 4204.7 -4.2 268 0 5.8 12.9 5.0 0.0 0 1 2 4 4
6395.4 4203.5 -4.4 266 0 6.2 13.7 5.0 2.5 2 1 2 3 3
6149.4 4234.0 -4.4 87 0 6.1 12.8 5.0 2.5 2 1 2 5 5
3317.9 3867.9 -5.4 76 0 61.9 67.4 10.0 0.0 0 1 4 4 4
3221.1 3926.4 -5.4 255 0 15.8 17.3 7.5 2.5 2 1 3 2 2
3220.4 3864.7 -5.4 77 0 28.7 24.0 7.5 0.0 0 0 3 0 0
2879.7 4491.0 -0.5 1 0 16.0 21.3 12.5 2.5 2 1 5 0 0
2813.7 4493.2 0.4 178 0 17.4 14.0 5.0 2.5 2 0 2 2 2
2523.7 3903.2 -4.7 80 0 19.9 23.6 7.5 2.5 2 1 3 1 1
2356.2 4251.6 1.5 81 0 33.5 32.7 10.0 0.0 0 0 4 4 4
2935.6 4508.0 -0.7 90 0 28.9 46.1 7.5 0.0 0 1 3 2 2
2936.7 4511.3 -0.6 94 0 9.2 10.6 2.5 2.5 2 1 1 0 0
3058.7 4276.1 -2.0 89 0 35.2 45.9 12.5 0.0 0 1 5 0 0
3793.0 4140.2 -4.0 0 0 32.3 32.0 10.0 0.0 0 0 4 4 4
