5680.0 3829.4 -3.2 232 0 4.5 13.0 7.5 2.5 2 0 3 4 4
5726.5 3780.6 -4.8 54 0 28.1 24.1 5.0 0.0 0 0 2 3 3
5674.4 3788.8 -3.8 136 0 14.5 12.2 7.5 2.5 2 0 3 2 2
5659.1 3808.4 -3.2 147 0 10.5 14.8 5.0 2.5 2 1 2 0 0
5673.7 3824.3 -3.4 232 0 11.6 21.0 2.5 2.5 2 0 1 0 0
5702.4 3802.9 -4.0 144 0 12.5 19.6 5.0 2.5 2 1 2 5 5
5712.2 3855.0 -4.1 233 0 8.5 41.4 7.5 2.5 2 1 3 3 3
5694.4 3843.7 -3.5 235 0 31.0 26.8 10.0 0.0 0 0 4 2 2
5943.7 3760.1 -5.9 53 0 86.3 17.3 12.5 2.5 2 0 5 0 0
2955.6 1809.6 -2.2 314 0 17.0 22.8 10.0 0.0 0 1 4 0 0
3412.2 2003.1 -2.1 289 0 13.5 36.0 12.5 0.0 0 1 5 2 2
3599.0 1920.0 -0.8 304 0 7.9 10.4 5.0 2.5 2 1 2 1 1
3843.4 2089.5 -0.5 303 0 9.3 11.7 7.5 2.5 2 1 3 5 5
3742.5 2364.2 -2.5 252 0 15.1 23.1 7.5 2.5 2 1 3 2 2
4207.1 2638.5 -4.6 301 0 23.8 23.3 12.5 2.5 2 0 5 1 1
4489.8 2652.1 -1.6 220 0 16.8 17.2 14.0 0.0 0 1 4 5 5
4107.4 2102.6 0.5 33 0 11.9 10.9 5.0 2.5 2 0 2 3 3
4078.0 2289.6 -2.2 296 0 15.3 9.8 5.0 2.5 2 0 2 4 4
4729.6 2422.6 1.5 301 0 12.6 14.7 10.5 3.5 2 1 3 5 5
4964.1 2973.3 -2.7 253 0 9.8 15.7 10.5 3.5 4 1 3 3 3
4864.2 3116.4 -1.2 35 0 14.0 18.8 14.0 3.5 2 1 4 4 4
4697.9 2847.7 -1.2 120 0 12.8 16.7 17.5 3.5 2 1 5 0 0
4418.5 3285.9 -5.9 6 0 14.9 41.5 14.0 3.5 2 1 4 0 0
4539.1 3187.9 -3.9 334 0 14.3 22.1 14.0 0.0 0 1 4 0 0
4815.0 3246.4 -3.8 39 0 23.6 19.1 14.0 3.5 2 0 4 5 5
4640.7 3412.4 -6.3 116 0 8.1 10.7 7.5 2.5 2 1 3 1 1
4712.3 3278.1 -4.2 294 0 14.2 19.1 14.0 3.5 2 1 4 4 4
5288.3 2677.8 -1.3 78 0 12.3 23.1 14.0 3.5 4 1 4 0 0
5548.4 3026.3 -3.6 34 0 21.9 24.8 7.5 2.5 2 1 3 2 2
5398.2 3603.8 -3.8 125 0 20.1 17.1 7.5 2.5 2 0 3 4 4
5638.6 3656.9 -5.2 60 0 19.9 30.5 7.5 0.0 0 1 3 4 4
5643.8 3858.0 -6.6 322 0 48.3 68.1 12.5 0.0 0 1 5 1 1
5590.5 3847.3 -5.5 237 0 21.8 16.7 10.0 2.5 4 0 4 3 3
6291.1 3960.2 -5.3 238 0 11.8 15.0 5.0 2.5 2 1 2 1 1
6163.4 4010.8 -4.5 33 0 16.9 22.3 5.0 0.0 0 0 2 0 0
6217.1 3922.2 -4.5 246 0 13.3 17.6 2.5 2.5 2 1 1 2 2
6266.3 3937.5 -5.3 334 0 9.2 14.4 5.0 2.5 2 1 2 2 2
6334.7 4030.2 -4.4 158 0 17.5 16.0 10.0 2.5 2 0 4 0 0
6293.9 4018.6 -5.0 243 0 7.3 18.4 5.0 2.5 2 1 2 2 2
6287.5 4025.9 -5.0 60 0 11.7 19.4 5.0 2.5 2 1 2 1 1
6295.4 4038.1 -4.9 65 0 12.1 12.4 7.5 0.0 0 1 3 5 5
6225.9 3935.9 -4.7 60 0 15.5 20.4 7.5 2.5 2 1 3 1 1
6239.9 3985.1 -5.1 329 0 6.2 14.8 5.0 0.0 0 1 2 5 5
6188.9 3948.6 -4.5 148 0 18.5 17.7 10.0 2.5 2 0 4 0 0
6216.6 4044.7 -4.3 158 0 4.1 11.4 2.5 2.5 2 1 1 2 2
