-2235.3 -1873.6 1.5 173 0 16.7 13.9 7.5 2.5 2 0 3 1 1
-2602.6 -2286.0 -1.7 4 0 11.4 18.1 5.0 2.5 2 1 2 5 5
-425.3 -279.1 -2.4 200 0 18.6 14.9 10.0 2.5 2 0 4 1 1
-3177.2 -2831.6 -1.1 209 0 14.8 18.4 10.0 2.5 2 1 4 5 5
-3515.7 -2378.1 -2.3 218 0 11.3 25.0 7.5 2.5 2 1 3 3 3
-3529.8 -2440.4 -3.7 110 0 5.6 14.3 5.0 2.5 2 1 2 4 4
-1228.0 -1407.8 -0.8 352 0 5.4 10.9 10.5 3.5 2 1 3 0 0
-1293.9 -1415.5 -0.7 172 0 7.3 15.0 10.5 3.5 2 1 3 3 3
-1603.3 -1685.7 1.1 150 0 11.0 25.6 10.5 0.0 0 1 3 3 3
-1887.1 -1570.8 -1.7 132 0 25.4 10.5 3.5 3.5 2 0 1 4 4
-1921.4 -1533.1 -2.2 142 0 23.8 44.5 7.0 0.0 0 1 2 3 3
-1869.6 -1497.7 -2.2 317 0 33.4 9.0 10.5 3.5 2 0 3 4 4
-1874.5 -1605.7 -0.6 317 0 10.5 7.0 10.5 3.5 2 0 3 2 2
-1943.9 -1682.7 1.5 135 0 12.9 15.0 14.0 0.0 0 1 4 4 4
-1922.5 -1667.8 1.9 311 0 16.6 9.8 10.5 3.5 2 0 3 0 0
-1736.8 -1711.4 1.8 58 0 24.6 9.5 10.5 3.5 2 0 3 5 5
