-1525.9 1019.9 1.9 223 0 32.2 9.9 7.5 2.5 2 0 3 4 4
-1546.5 967.9 3.5 181 0 6.7 15.1 7.5 2.5 2 1 3 0 0
-1499.3 952.5 3.9 71 0 10.6 21.5 2.5 2.5 2 1 1 5 5
-1476.7 1004.3 3.0 358 0 27.9 11.9 10.0 2.5 2 0 4 0 0
-1086.3 697.4 0.7 360 0 13.1 20.6 10.0 2.5 2 1 4 2 2
-1540.9 989.7 3.0 175 0 13.6 21.8 7.5 2.5 2 1 3 4 4
239.8 -3899.1 -2.1 9 0 9.0 24.0 5.0 2.5 2 1 2 0 0
158.4 -4010.0 -2.1 202 0 32.3 17.6 12.5 2.5 4 0 5 2 2
27.1 -4569.4 1.0 54 0 9.9 39.6 7.5 2.5 2 1 3 5 5
46.2 -4473.9 0.3 54 0 8.2 64.6 7.5 2.5 2 1 3 2 2
184.5 -4361.2 2.8 237 0 8.5 23.1 7.5 0.0 0 1 3 4 4
94.0 -4321.1 -1.7 72 0 13.7 25.1 10.0 2.5 2 1 4 0 0
196.8 -4319.5 2.2 144 0 19.5 9.2 7.5 2.5 2 0 3 2 2
-38.7 -4434.5 -0.5 234 0 10.4 60.4 10.0 2.5 2 1 4 3 3
-138.8 -4604.2 -3.2 234 0 9.5 23.7 7.5 2.5 2 1 3 3 3
-43.3 -4677.8 -2.6 232 0 8.8 49.2 7.5 2.5 2 1 3 3 3
157.5 -4173.0 -1.4 24 0 14.1 51.8 7.5 2.5 2 0 3 5 5
266.5 -3719.5 -2.7 7 0 35.5 9.8 7.5 2.5 2 0 3 0 0
799.8 -4577.9 -3.2 137 0 16.8 78.1 12.5 2.5 2 1 5 3 3
139.3 -4622.1 0.9 53 0 8.6 30.5 7.5 2.5 2 1 3 1 1
179.0 -4753.4 -1.0 16 0 13.5 36.0 10.0 0.0 0 1 4 4 4
231.8 -4679.5 -1.0 55 0 15.5 80.9 12.5 2.5 4 1 5 1 1
116.6 -4259.3 -2.9 24 0 29.5 20.1 12.5 2.5 2 0 5 1 1
14.9 -4466.5 0.7 54 0 9.8 38.4 7.5 2.5 2 1 3 5 5
-186.5 -4652.3 -2.6 235 0 14.8 17.9 5.0 2.5 2 1 2 3 3
1071.0 -4428.5 -2.5 44 0 47.4 9.8 7.5 2.5 2 0 3 4 4
147.3 -4418.7 2.5 142 0 68.1 23.9 10.0 0.0 0 0 4 2 2
1247.7 -3312.2 -2.7 281 0 41.7 23.7 10.0 0.0 0 0 4 5 5
-29.7 -4532.3 0.9 234 0 9.4 41.0 7.5 2.5 2 1 3 1 1
175.8 -4546.8 0.9 318 0 15.1 15.4 7.5 2.5 2 1 3 2 2
39.3 -4776.6 -4.6 50 0 11.8 20.8 7.5 0.0 0 1 3 5 5
154.9 -4363.5 3.0 234 0 9.0 19.7 7.5 2.5 2 1 3 5 5
166.0 -4319.2 1.6 142 0 20.1 8.4 5.0 2.5 2 0 2 5 5
210.3 -4029.2 -1.2 23 0 34.2 21.0 12.5 0.0 0 0 5 2 2
-29.0 -4504.9 -0.3 54 0 9.9 50.5 7.5 2.5 2 1 3 0 0
229.9 -4389.6 0.7 53 0 8.4 19.3 2.5 0.0 0 1 1 4 4
55.2 -4261.8 -3.7 112 0 35.6 15.8 10.0 0.0 0 0 4 4 4
176.7 -4289.2 1.4 143 0 17.9 14.7 5.0 0.0 0 0 2 1 1
219.7 -3814.6 -2.9 99 0 13.0 66.8 7.5 2.5 2 1 3 0 0
36.8 -4510.9 1.2 52 0 9.6 38.6 7.5 2.5 4 1 3 0 0
169.6 -4510.6 0.8 141 0 24.6 31.0 10.0 0.0 0 1 4 0 0
-74.5 -4760.7 -4.9 53 0 13.0 50.0 12.5 2.5 2 1 5 4 4
-4.3 -4763.7 -3.9 53 0 17.8 48.9 10.0 2.5 4 1 4 4 4
127.8 -4084.7 -2.4 203 0 46.3 8.9 7.5 2.5 2 0 3 3 3
6.2 -4614.1 -1.1 54 0 10.3 60.2 10.0 2.5 2 1 4 4 4
866.9 -4472.4 1.0 282 0 55.0 30.4 10.0 0.0 0 0 4 4 4
129.3 -4562.5 1.0 232 0 10.8 33.8 10.0 2.5 2 1 4 0 0
109.4 -4343.9 0.9 230 0 8.9 25.7 7.5 2.5 4 1 3 2 2
93.3 -4132.9 -1.8 204 0 50.9 23.1 7.5 2.5 2 0 3 1 1
253.2 -4327.2 -0.3 324 0 13.7 23.8 12.5 0.0 0 1 5 5 5
-38.8 -4767.8 -4.3 54 0 7.8 24.9 7.5 0.0 0 1 3 5 5
21.8 -4729.4 -2.7 52 0 8.0 41.5 7.5 2.5 2 1 3 5 5
3.3 -4655.5 -2.4 208 0 16.2 16.0 7.5 2.5 2 0 3 2 2
-974.3 968.8 -0.9 210 0 7.1 9.5 7.5 2.5 2 1 3 1 1
-936.6 942.8 -2.0 301 0 14.0 8.0 2.5 2.5 2 0 1 3 3
-914.5 926.2 -0.3 322 0 13.2 7.2 2.5 2.5 2 0 1 5 5
-900.7 922.0 -0.7 322 0 11.0 7.8 7.5 2.5 2 0 3 4 4
-893.0 886.0 -0.6 134 0 8.8 17.9 2.5 2.5 2 1 1 1 1
-840.2 824.1 -1.5 149 0 8.2 19.3 7.5 2.5 2 1 3 1 1
-717.5 633.9 0.6 275 0 9.2 7.5 7.5 2.5 2 0 3 1 1
-683.7 630.4 0.1 271 0 9.9 6.6 7.5 2.5 2 0 3 1 1
-692.3 638.3 0.7 268 0 12.9 7.3 7.5 2.5 2 0 3 4 4
-724.3 642.2 1.2 276 0 13.4 6.7 2.5 2.5 2 0 1 2 2
-618.5 644.0 -0.3 119 0 8.7 13.9 5.0 2.5 2 1 2 1 1
-643.6 616.1 -0.9 293 0 11.6 7.0 2.5 2.5 2 0 1 0 0
-606.3 594.6 -0.6 115 0 13.3 6.8 7.5 2.5 2 0 3 1 1
-615.1 611.6 -0.3 205 0 6.8 13.3 5.0 0.0 0 1 2 5 5
-581.2 587.3 -0.6 115 0 13.3 6.8 7.5 2.5 2 0 3 4 4
-582.2 603.9 -0.7 295 0 13.3 6.8 2.5 2.5 2 0 1 0 0
-555.7 594.9 -0.8 288 0 12.8 7.2 7.5 2.5 2 0 3 4 4
-547.8 583.2 -0.8 288 0 7.3 14.3 2.5 2.5 2 1 1 3 3
-521.4 566.9 -2.7 19 0 6.0 14.3 7.5 2.5 2 1 3 5 5
-497.9 555.3 -3.6 312 0 11.6 12.5 5.0 2.5 2 1 2 4 4
-461.5 526.3 -2.0 288 0 10.1 6.7 7.5 2.5 2 0 3 0 0
-394.5 462.6 -2.5 127 0 9.5 6.5 2.5 2.5 2 0 1 2 2
-314.7 349.3 -3.7 12 0 10.1 7.2 2.5 2.5 2 0 1 5 5
-317.0 337.9 -3.7 12 0 10.1 7.2 2.5 2.5 4 0 1 0 0
-312.6 336.3 -3.3 282 0 7.7 14.1 7.5 2.5 2 1 3 2 2
-284.4 308.4 -1.9 203 0 7.1 8.1 7.5 2.5 2 1 3 0 0
-212.0 307.0 -2.0 134 0 13.1 26.8 10.0 2.5 2 1 4 1 1
-119.0 209.2 -1.3 152 0 26.9 11.1 10.0 2.5 2 0 4 5 5
-5145.0 3953.6 -6.4 291 0 7.2 16.2 7.5 2.5 2 1 3 4 4
-5154.3 3958.9 -6.3 290 0 7.0 16.1 5.0 2.5 4 1 2 3 3
-5192.9 3973.7 -6.0 287 0 7.0 16.0 5.0 2.5 4 1 2 2 2
-5203.0 3974.5 -6.0 290 0 6.6 16.1 2.5 2.5 2 1 1 2 2
-5226.1 3976.5 -6.2 282 0 6.5 15.9 2.5 0.0 0 1 1 1 1
-5389.4 4003.7 -7.0 257 0 7.0 16.1 5.0 2.5 2 1 2 5 5
-5409.1 4000.0 -6.4 260 0 6.6 16.4 5.0 2.5 2 1 2 5 5
-5419.7 4001.4 -6.0 261 0 6.4 16.6 2.5 2.5 4 1 1 1 1
-5429.9 4001.3 -5.9 265 0 6.7 16.6 5.0 2.5 2 1 2 0 0
-5837.2 4086.2 -8.3 282 0 6.7 15.7 5.0 2.5 2 1 2 2 2
-5847.1 4088.5 -8.4 280 0 7.0 16.1 2.5 2.5 2 1 1 4 4
-5710.4 4074.4 -7.1 280 0 7.0 15.2 5.0 2.5 4 1 2 0 0
-5719.9 4076.4 -7.1 279 0 7.2 15.8 5.0 2.5 2 1 2 1 1
-5739.0 4080.7 -7.1 279 0 6.8 16.6 5.0 2.5 2 1 2 2 2
-5748.5 4082.7 -7.1 280 0 7.2 16.2 5.0 2.5 2 1 2 3 3
-5787.6 4083.7 -7.5 280 0 7.4 16.1 5.0 2.5 2 1 2 3 3
-5796.8 4084.6 -7.7 281 0 7.2 16.5 7.5 2.5 2 1 3 2 2
-5806.6 4087.2 -7.8 281 0 7.2 16.6 5.0 2.5 2 1 2 4 4
-5896.1 4101.5 -6.4 281 0 7.0 16.3 5.0 2.5 4 1 2 5 5
-5906.1 4101.8 -6.5 279 0 6.9 16.0 5.0 2.5 2 1 2 2 2
-5924.7 4105.3 -6.6 282 0 6.9 16.4 5.0 2.5 4 1 2 5 5
-5934.0 4108.8 -6.7 280 0 6.6 16.6 5.0 2.5 2 1 2 4 4
-5953.4 4111.2 -6.6 280 0 6.7 16.4 5.0 2.5 2 1 2 1 1
-6010.9 4120.5 -6.5 281 0 6.9 16.3 5.0 2.5 2 1 2 4 4
-6020.4 4120.2 -6.4 281 0 6.3 16.2 5.0 2.5 2 1 2 4 4
-6051.1 4125.0 -7.0 281 0 6.3 16.2 5.0 2.5 2 1 2 2 2
-6060.8 4127.8 -7.2 281 0 6.4 16.1 5.0 2.5 2 1 2 2 2
-6080.8 4132.4 -7.7 280 0 6.8 16.0 5.0 2.5 4 1 2 3 3
-6091.0 4132.6 -7.9 280 0 6.4 16.0 5.0 2.5 2 1 2 1 1
-6111.3 4139.8 -8.5 277 0 6.8 16.5 5.0 2.5 4 1 2 0 0
-6121.5 4142.3 -8.8 275 0 6.9 16.1 5.0 2.5 2 1 2 2 2
-6142.0 4145.6 -8.8 275 0 6.6 16.4 5.0 2.5 4 1 2 1 1
-6152.4 4145.0 -8.7 274 0 7.1 15.8 5.0 2.5 2 1 2 1 1
-6162.3 4146.9 -8.4 276 0 6.7 16.5 5.0 2.5 2 1 2 5 5
-6172.3 4146.5 -8.2 276 0 6.8 15.8 5.0 0.0 0 1 2 5 5
-6182.8 4148.6 -7.9 275 0 6.7 16.0 5.0 2.5 2 1 2 5 5
-6202.7 4151.3 -7.4 278 0 6.9 16.2 5.0 2.5 2 1 2 3 3
-6223.4 4153.3 -6.9 276 0 6.3 16.5 5.0 2.5 2 1 2 2 2
-6233.7 4152.6 -6.8 275 0 6.7 16.4 5.0 2.5 2 1 2 2 2
-6254.1 4154.4 -6.8 275 0 6.6 16.1 5.0 2.5 2 1 2 1 1
-6274.4 4156.8 -6.8 277 0 6.7 16.1 5.0 2.5 2 1 2 5 5
-6325.1 4164.1 -6.5 282 0 6.8 16.8 5.0 2.5 2 1 2 5 5
-6345.0 4168.6 -5.9 284 0 6.6 16.0 7.5 2.5 2 1 3 2 2
-6355.1 4169.6 -5.7 284 0 6.3 15.9 5.0 2.5 4 1 2 3 3
-6375.1 4174.5 -5.6 284 0 6.7 16.1 7.5 2.5 2 1 3 3 3
-6384.5 4178.6 -5.3 284 0 6.5 16.0 5.0 2.5 2 1 2 3 3
-6404.9 4183.2 -5.2 285 0 6.6 16.0 5.0 2.5 2 1 2 2 2
-6424.9 4188.2 -5.6 282 0 6.3 15.9 5.0 2.5 2 1 2 2 2
-6316.8 4187.6 -5.9 102 0 10.3 10.5 7.5 0.0 0 1 3 3 3
-6212.9 4175.3 -6.7 96 0 7.4 7.2 2.5 2.5 2 0 1 4 4
-6594.6 4283.0 -6.3 110 0 5.7 15.4 5.0 2.5 2 1 2 0 0
-6605.8 4284.3 -6.4 111 0 6.0 16.0 5.0 2.5 2 1 2 1 1
-6625.6 4292.4 -7.0 113 0 6.7 15.6 5.0 2.5 2 1 2 5 5
-6594.7 4205.9 -7.9 91 0 7.0 16.0 5.0 2.5 2 1 2 4 4
-6604.9 4208.4 -7.8 93 0 7.3 15.9 5.0 0.0 0 1 2 0 0
-6614.1 4210.5 -7.8 92 0 6.9 16.2 5.0 2.5 2 1 2 2 2
-6633.4 4211.0 -7.8 91 0 6.4 16.1 5.0 2.5 2 1 2 1 1
-6643.1 4212.9 -7.7 92 0 6.5 16.7 5.0 2.5 2 1 2 4 4
-6671.9 4211.6 -7.8 91 0 6.6 16.4 5.0 2.5 2 1 2 1 1
-6691.6 4212.6 -7.8 92 0 6.2 16.1 5.0 2.5 4 1 2 2 2
-6730.6 4324.9 -7.6 104 0 5.8 12.6 5.0 2.5 2 1 2 5 5
-6753.6 4344.7 -6.8 285 0 6.2 12.7 5.0 2.5 2 1 2 5 5
-6766.2 4330.6 -6.4 103 0 6.6 13.4 5.0 2.5 2 1 2 0 0
-6776.1 4331.6 -6.0 106 0 5.8 12.5 5.0 2.5 2 1 2 5 5
-6786.0 4331.8 -5.7 108 0 5.8 12.7 5.0 2.5 2 1 2 0 0
309.4 -3301.5 -2.7 8 0 25.7 11.3 7.5 2.5 2 0 3 0 0
276.7 -3645.4 -2.7 347 0 20.7 14.5 10.0 2.5 2 0 4 4 4
134.9 -4036.4 -2.2 202 0 11.9 11.6 5.0 0.0 0 0 2 5 5
152.1 -4299.4 0.3 145 0 21.7 12.2 10.0 2.5 2 0 4 0 0
183.0 -4170.9 -0.1 294 0 12.8 7.9 2.5 2.5 2 0 1 4 4
52.9 -4412.2 -0.2 26 0 15.9 17.8 10.0 2.5 2 1 4 4 4
54.6 -4385.6 -0.5 24 0 11.3 8.7 7.5 0.0 0 0 3 3 3
107.6 -4552.5 1.0 233 0 8.5 16.8 5.0 2.5 2 1 2 4 4
42.5 -4618.7 0.3 144 0 7.5 14.7 7.5 2.5 2 1 3 1 1
186.3 -4525.8 0.5 143 0 7.2 15.5 5.0 2.5 2 1 2 0 0
-353.9 -5153.5 -3.9 32 0 8.5 19.7 7.5 2.5 2 1 3 4 4
-369.8 -5156.0 -3.6 299 0 9.5 12.6 5.0 2.5 2 1 2 2 2
-413.4 -5129.5 -5.0 301 0 13.5 12.2 8.0 2.5 2 0 2 4 4
-432.7 -5165.8 -4.4 299 0 15.0 7.0 5.0 2.5 2 0 2 4 4
-289.3 -5224.7 -2.1 24 0 7.7 14.2 7.5 2.5 2 0 3 3 3
-307.8 -5224.7 -2.1 204 0 7.4 7.1 7.5 2.5 2 0 3 5 5
-298.0 -5200.4 -2.2 324 0 8.8 17.0 5.0 2.5 2 1 2 1 1
-295.5 -5244.9 -2.2 208 0 11.7 20.9 5.0 2.5 2 1 2 2 2
-283.3 -5279.5 -2.2 20 0 9.3 13.1 7.5 2.5 2 1 3 3 3
-312.0 -5281.3 -2.6 202 0 14.5 24.0 5.0 0.0 0 1 2 1 1
-297.2 -5256.3 -2.3 206 0 8.6 9.9 5.0 0.0 0 1 2 4 4
-377.4 -5243.7 -3.4 211 0 9.5 19.4 5.0 2.5 2 1 2 5 5
-315.9 -5408.5 -3.2 59 0 10.4 15.7 7.5 0.0 0 1 3 2 2
-349.2 -5397.3 -2.2 306 0 12.7 12.2 5.0 2.5 2 0 2 1 1
-331.8 -5442.7 -2.6 26 0 9.5 10.3 7.5 0.0 0 1 3 3 3
-323.0 -5451.2 -2.5 211 0 11.5 8.9 7.5 2.5 2 0 3 4 4
-318.0 -5475.0 -2.9 203 0 13.1 8.7 7.5 0.0 0 0 3 4 4
-334.2 -5481.3 -3.2 201 0 7.3 12.7 2.5 2.5 2 0 1 0 0
-298.1 -5559.6 -2.2 209 0 7.0 10.8 5.0 2.5 2 1 2 3 3
-289.6 -5553.3 -2.3 20 0 9.6 6.5 7.5 2.5 2 0 3 2 2
-314.5 -5551.6 -2.6 115 0 7.5 15.0 7.5 2.5 2 1 3 4 4
-357.0 -5526.4 -3.4 29 0 7.7 8.8 7.5 2.5 2 1 3 0 0
-335.4 -5551.8 -2.8 301 0 9.5 23.1 5.0 2.5 2 1 2 5 5
-267.1 -5666.1 -3.5 27 0 6.4 18.2 7.5 2.5 2 1 3 1 1
-273.8 -5670.5 -3.3 30 0 5.9 12.5 7.5 2.5 2 1 3 4 4
-294.7 -5701.7 -3.6 116 0 7.1 11.0 7.5 0.0 0 1 3 5 5
-309.5 -5696.6 -3.2 118 0 8.4 24.7 7.5 2.5 2 1 3 1 1
-332.5 -5680.2 -2.8 115 0 13.5 11.5 7.5 2.5 2 0 3 4 4
-310.2 -5734.2 -3.8 114 0 10.9 8.9 7.5 2.5 2 0 3 1 1
-306.6 -5701.0 -3.5 299 0 8.5 11.7 5.0 2.5 2 1 2 3 3
-338.0 -5702.7 -3.0 295 0 5.9 8.7 7.5 2.5 4 1 3 1 1
-341.8 -5682.4 -2.7 299 0 4.9 15.3 2.5 2.5 2 1 1 1 1
-297.2 -5783.1 -4.5 207 0 11.8 14.8 7.5 2.5 2 1 3 4 4
-355.9 -5695.5 -2.7 208 0 19.9 3.8 5.0 2.5 2 0 2 4 4
-378.2 -5181.8 -3.5 30 0 17.4 12.2 10.0 0.0 0 0 4 5 5
-393.5 -5175.6 -3.7 118 0 8.5 12.9 2.5 2.5 2 1 1 1 1
-363.5 -5208.9 -2.8 29 0 7.9 13.0 7.5 2.5 2 1 3 5 5
-388.5 -5253.0 -3.7 27 0 13.9 16.0 5.0 0.0 0 1 2 5 5
-409.8 -5249.1 -3.7 119 0 9.8 8.0 7.5 2.5 2 0 3 3 3
-397.4 -5279.6 -3.8 212 0 12.1 6.5 5.0 2.5 2 0 2 2 2
-354.0 -5335.1 -3.2 31 0 8.8 10.1 5.0 0.0 0 1 2 0 0
-389.4 -5285.4 -3.8 210 0 11.2 4.8 7.5 2.5 2 0 3 1 1
-417.8 -5318.8 -3.2 210 0 11.2 12.6 10.0 2.5 2 1 4 3 3
-371.5 -5365.9 -2.8 82 0 12.5 29.1 10.0 0.0 0 1 4 1 1
-346.6 -5294.7 -3.7 299 0 10.0 14.1 7.5 2.5 2 1 3 0 0
-480.0 -5282.0 -4.5 30 0 20.5 22.5 12.5 2.5 2 1 5 2 2
-493.8 -5293.5 -4.4 30 0 9.1 8.6 7.5 2.5 2 0 3 2 2
-459.1 -5242.3 -4.2 42 0 10.9 7.5 5.0 2.5 2 0 2 1 1
-526.8 -5361.1 -4.6 28 0 8.4 10.5 7.5 2.5 2 0 3 0 0
-536.3 -5381.3 -4.2 216 0 7.9 25.5 7.5 2.5 2 1 3 5 5
-325.6 -5282.6 -2.9 117 0 7.2 18.9 5.0 2.5 2 1 2 1 1
-369.7 -5382.5 -2.0 300 0 7.0 10.5 2.5 0.0 0 1 1 4 4
-384.8 -5401.8 -2.3 211 0 10.6 9.7 7.5 2.5 2 0 3 2 2
-387.9 -5411.9 -2.5 210 0 9.6 13.8 7.5 2.5 2 1 3 3 3
-343.0 -5461.9 -3.1 30 0 9.1 7.3 5.0 2.5 2 0 2 3 3
-377.0 -5514.8 -3.4 121 0 8.8 9.1 2.5 2.5 2 1 1 3 3
-415.7 -5455.6 -2.9 210 0 8.6 15.9 5.0 2.5 2 1 2 0 0
-400.4 -5414.0 -2.4 31 0 7.9 13.9 7.5 0.0 0 1 3 0 0
-404.2 -5425.2 -2.6 30 0 12.9 20.2 7.5 2.5 2 1 3 5 5
-455.4 -5432.7 -2.8 211 0 12.1 7.1 2.5 2.5 4 0 1 2 2
-459.2 -5465.4 -3.3 121 0 11.0 13.8 5.0 2.5 2 1 2 0 0
-449.6 -5383.9 -2.1 210 0 10.8 18.3 5.0 2.5 2 1 2 5 5
-465.1 -5409.9 -2.5 212 0 7.5 11.9 2.5 2.5 2 1 1 4 4
-448.2 -5340.0 -2.7 301 0 20.1 16.7 7.5 2.5 2 0 3 5 5
-464.4 -5377.6 -2.7 30 0 12.5 19.1 10.0 2.5 2 1 4 2 2
-400.7 -5586.2 -3.4 212 0 6.1 8.7 5.0 2.5 2 1 2 5 5
-447.8 -5672.8 -3.8 133 0 9.7 11.2 5.0 2.5 2 1 2 2 2
-433.1 -5624.2 -4.3 31 0 8.6 23.5 2.5 2.5 2 1 1 4 4
-414.1 -5506.3 -3.7 301 0 10.2 9.4 7.5 2.5 2 0 3 4 4
-465.7 -5484.6 -3.9 30 0 16.1 11.9 5.0 2.5 4 0 2 4 4
-600.5 -5572.1 -5.0 26 0 8.1 14.3 7.5 2.5 2 1 3 1 1
-601.3 -5558.4 -5.0 31 0 10.2 10.3 5.0 2.5 2 1 2 3 3
-624.1 -5552.5 -5.0 118 0 8.8 15.2 5.0 2.5 2 1 2 5 5
-589.2 -5460.6 -5.2 213 0 5.3 11.8 5.0 2.5 2 1 2 3 3
-610.6 -5486.5 -4.9 210 0 8.9 15.6 7.5 2.5 2 1 3 2 2
-600.9 -5480.1 -4.9 209 0 8.4 11.3 5.0 0.0 0 1 2 4 4
-565.6 -5482.7 -4.9 30 0 6.6 14.4 2.5 2.5 2 1 1 5 5
-576.8 -5441.7 -5.3 212 0 9.3 16.8 7.5 2.5 2 1 3 0 0
-557.2 -5483.3 -4.9 27 0 12.5 4.2 7.5 2.5 2 0 3 4 4
-544.4 -5478.6 -4.9 25 0 7.9 6.5 5.0 2.5 2 0 2 2 2
-571.2 -5415.6 -5.5 334 0 7.6 12.8 5.0 2.5 2 1 2 3 3
-525.8 -5457.9 -4.3 210 0 12.8 7.5 5.0 2.5 2 0 2 1 1
-515.5 -5466.7 -4.3 207 0 9.5 6.0 2.5 2.5 2 0 1 4 4
-533.9 -5472.5 -4.6 210 0 7.7 9.6 2.5 2.5 2 1 1 3 3
-520.9 -5530.6 -4.9 29 0 12.7 11.4 7.5 0.0 0 0 3 2 2
-565.6 -5602.0 -5.0 119 0 14.9 23.3 10.0 2.5 2 1 4 2 2
-518.9 -5579.0 -5.0 30 0 6.9 19.7 7.5 2.5 4 1 3 3 3
-574.7 -5555.3 -5.0 208 0 6.5 13.7 7.5 2.5 2 0 3 3 3
-475.5 -5523.0 -4.6 206 0 11.6 20.5 10.0 2.5 2 1 4 4 4
-442.7 -5640.9 -4.1 34 0 6.8 11.5 5.0 2.5 2 1 2 0 0
-501.7 -5575.6 -5.0 209 0 6.7 12.5 7.5 2.5 2 1 3 4 4
-410.8 -5607.0 -3.5 207 0 8.7 6.0 5.0 2.5 2 0 2 1 1
-358.2 -5686.3 -2.5 28 0 7.0 10.8 7.5 2.5 2 1 3 3 3
-429.5 -5683.1 -3.6 117 0 17.4 8.8 2.5 2.5 2 0 1 1 1
-431.5 -5672.0 -3.5 120 0 11.5 13.7 5.0 0.0 0 1 2 1 1
-321.2 -5919.4 -4.8 27 0 9.8 18.9 2.5 2.5 2 1 1 0 0
-346.3 -5865.0 -4.2 209 0 10.1 18.6 10.0 2.5 2 1 4 4 4
-351.6 -5877.8 -4.0 208 0 12.4 14.0 5.0 2.5 4 1 2 5 5
-333.3 -5841.4 -4.5 209 0 14.6 15.8 2.5 2.5 2 1 1 2 2
-294.1 -5846.1 -5.0 17 0 8.6 15.0 2.5 2.5 2 1 1 1 1
-318.3 -5816.9 -4.7 210 0 8.4 19.2 2.5 2.5 2 0 1 1 1
-331.7 -5760.1 -3.8 293 0 9.5 9.4 2.5 2.5 2 0 1 1 1
-324.1 -5800.5 -4.2 28 0 9.2 24.1 5.0 2.5 2 1 2 1 1
-339.2 -5740.7 -3.5 299 0 11.6 7.3 5.0 2.5 2 0 2 2 2
-423.8 -5816.3 -2.8 208 0 12.1 11.4 7.5 2.5 4 0 3 4 4
-393.7 -5909.3 -3.2 121 0 12.1 17.8 10.0 2.5 2 1 4 5 5
-362.1 -5884.1 -3.4 28 0 6.2 9.8 5.0 2.5 2 1 2 0 0
-355.9 -5871.7 -3.6 27 0 5.3 10.0 2.5 2.5 2 1 1 5 5
-426.3 -5842.7 -2.9 206 0 12.6 15.1 10.0 2.5 2 0 4 1 1
-396.1 -5766.5 -3.0 207 0 12.3 7.4 5.0 2.5 2 0 2 3 3
-410.5 -5708.3 -3.5 300 0 16.2 13.4 2.5 0.0 0 0 1 2 2
-432.2 -5818.3 -2.7 27 0 3.8 7.5 7.0 2.5 4 1 2 5 5
-613.4 -5782.3 -3.0 115 0 7.8 12.9 5.0 2.5 2 1 2 0 0
-567.6 -5672.6 -4.6 208 0 14.3 12.9 5.0 2.5 4 0 2 3 3
-476.4 -5681.0 -4.1 32 0 14.5 6.3 7.5 2.5 2 0 3 5 5
-494.3 -5729.8 -3.1 28 0 5.9 14.2 7.5 0.0 0 1 3 3 3
-538.6 -5784.2 -1.9 31 0 6.1 11.6 2.5 2.5 4 1 1 3 3
-508.4 -5752.3 -2.3 30 0 6.4 8.5 5.0 2.5 2 1 2 1 1
-579.5 -5683.3 -4.3 31 0 12.5 17.8 5.0 2.5 4 1 2 4 4
-601.9 -5723.2 -2.3 30 0 8.7 15.0 7.5 2.5 2 0 3 1 1
-608.1 -5730.1 -2.0 30 0 10.0 9.9 2.5 2.5 2 0 1 5 5
-616.8 -5725.3 -2.0 27 0 10.1 5.5 7.5 2.5 4 0 3 3 3
-615.7 -5747.0 -2.3 29 0 11.9 7.9 7.5 2.5 2 0 3 0 0
-611.1 -5738.5 -2.1 28 0 7.4 11.2 2.5 0.0 0 1 1 1 1
-649.1 -5677.3 -3.8 208 0 12.8 15.4 10.0 2.5 2 0 4 0 0
-617.5 -5628.0 -5.0 209 0 10.8 15.7 5.0 2.5 2 1 2 1 1
-594.1 -5598.7 -5.0 297 0 10.2 14.1 5.0 2.5 4 1 2 4 4
-603.0 -5709.4 -3.1 29 0 9.8 16.8 2.5 0.0 0 1 1 4 4
-689.3 -5605.6 -5.1 208 0 10.1 22.9 10.0 2.5 4 0 4 1 1
-627.6 -5611.1 -5.0 30 0 13.9 17.8 7.5 2.5 2 1 3 1 1
-633.4 -5625.4 -4.9 27 0 8.4 16.8 5.0 2.5 2 1 2 5 5
-642.2 -5573.3 -5.0 297 0 7.8 6.5 5.0 2.5 2 0 2 4 4
-674.4 -5637.8 -4.9 116 0 7.4 13.6 7.5 2.5 2 0 3 0 0
-688.6 -5630.3 -4.8 210 0 9.5 10.8 5.0 2.5 2 1 2 4 4
-636.9 -5642.9 -4.9 28 0 6.7 7.8 7.5 2.5 2 1 3 1 1
-628.3 -5578.5 -5.0 298 0 16.9 16.1 10.0 2.5 2 0 4 0 0
-687.8 -5731.5 -3.5 35 0 27.5 17.2 10.0 2.5 2 0 4 1 1
-714.8 -5733.0 -3.6 119 0 10.6 33.6 10.0 2.5 2 1 4 2 2
-685.5 -5661.1 -3.9 294 0 7.7 8.3 7.5 2.5 2 0 3 1 1
-708.3 -5657.2 -3.9 207 0 10.1 17.7 10.0 2.5 2 0 4 4 4
-679.0 -5646.5 -4.4 294 0 7.9 16.0 7.5 2.5 2 0 3 3 3
-733.4 -5720.1 -3.7 117 0 11.7 24.3 12.5 2.5 2 1 5 4 4
-725.3 -5684.2 -3.2 206 0 9.9 10.2 5.0 2.5 2 1 2 4 4
-724.8 -5792.9 -4.5 30 0 14.3 14.6 7.5 2.5 2 1 3 5 5
-749.0 -5805.5 -4.5 123 0 8.7 11.1 7.5 2.5 2 1 3 0 0
-704.8 -5772.5 -4.3 210 0 8.7 7.1 2.5 2.5 2 0 1 5 5
-711.7 -5800.3 -4.7 208 0 8.5 7.6 5.0 2.5 2 0 2 5 5
-691.7 -5767.9 -4.0 209 0 8.8 8.2 2.5 2.5 2 0 1 5 5
-589.2 -5894.7 -3.9 28 0 17.1 17.0 7.5 2.5 2 0 3 2 2
-641.2 -5803.1 -4.1 207 0 7.5 11.5 5.0 2.5 2 1 2 0 0
-644.1 -5808.6 -4.3 209 0 5.0 12.9 2.5 0.0 0 1 1 1 1
-533.9 -5840.7 -3.2 297 0 13.7 14.8 5.0 2.5 2 0 2 3 3
-554.1 -5855.4 -3.2 212 0 14.3 8.4 5.0 2.5 2 0 2 4 4
-545.4 -5857.1 -3.2 206 0 8.8 9.8 7.5 2.5 2 0 3 3 3
-518.8 -5938.8 -2.6 120 0 15.3 15.8 2.5 2.5 2 1 1 3 3
-495.2 -5908.8 -2.9 27 0 9.4 13.0 2.5 2.5 2 1 1 1 1
-485.4 -5877.9 -3.2 295 0 10.1 16.2 7.5 2.5 2 1 3 1 1
-449.1 -5848.3 -2.6 28 0 6.1 16.2 7.5 2.5 2 0 3 3 3
-435.7 -5806.7 -2.7 33 0 9.2 22.7 7.5 2.5 2 1 3 4 4
-474.6 -5857.7 -2.8 119 0 12.7 13.2 7.5 2.5 2 0 3 1 1
-474.8 -5910.3 -3.0 208 0 9.0 19.2 7.5 2.5 4 1 3 4 4
-473.7 -5923.4 -2.9 210 0 12.3 15.3 5.0 2.5 2 1 2 1 1
-396.2 -5946.8 -3.2 27 0 8.3 24.4 7.5 2.5 2 1 3 4 4
-397.2 -5930.6 -3.2 26 0 10.4 9.4 7.5 2.5 2 0 3 5 5
-432.6 -5986.6 -3.0 114 0 8.2 7.0 7.5 2.5 2 0 3 4 4
-394.9 -5952.8 -3.2 210 0 11.1 9.4 5.0 2.5 4 0 2 2 2
-404.8 -5970.3 -3.2 211 0 8.1 6.5 5.0 2.5 2 0 2 1 1
-356.7 -5938.4 -3.8 303 0 6.9 7.9 2.5 2.5 2 1 1 5 5
-419.1 -6101.8 -3.3 121 0 11.7 13.9 2.5 2.5 2 1 1 5 5
-437.9 -6091.9 -2.8 119 0 10.7 11.5 5.0 2.5 2 1 2 2 2
-414.9 -6011.5 -3.1 298 0 19.5 13.4 5.0 2.5 2 0 2 3 3
-451.5 -6048.3 -2.9 209 0 21.8 21.1 10.0 2.5 2 0 4 4 4
-382.8 -6129.3 -4.9 298 0 7.8 15.4 5.0 2.5 2 1 2 4 4
-440.3 -6176.2 -4.7 211 0 9.4 9.0 5.0 2.5 2 0 2 0 0
-767.2 -5882.9 -4.9 208 0 6.8 7.8 5.0 2.5 2 1 2 1 1
-470.1 -6100.5 -2.5 211 0 5.7 13.7 7.5 2.5 2 1 3 3 3
-483.9 -6207.6 -4.7 135 0 7.6 9.3 5.0 0.0 0 1 2 3 3
-455.1 -5996.6 -2.9 300 0 8.5 25.6 7.5 2.5 2 1 3 1 1
-477.5 -6020.1 -2.7 32 0 15.0 9.5 2.5 2.5 2 0 1 0 0
-583.4 -6005.9 -3.8 119 0 6.7 18.2 7.5 2.5 2 1 3 0 0
-612.6 -5984.1 -4.2 118 0 11.2 11.7 10.0 2.5 2 0 4 1 1
-620.2 -5983.5 -4.4 209 0 6.6 12.5 2.5 2.5 2 1 1 4 4
-598.7 -5951.6 -3.6 210 0 16.0 19.0 10.0 2.5 2 1 4 4 4
-554.3 -5938.3 -2.6 305 0 5.0 6.7 2.5 2.5 4 1 1 5 5
-612.3 -5967.8 -4.0 206 0 6.7 13.1 5.0 2.5 2 1 2 3 3
-606.3 -5926.4 -3.8 29 0 13.1 7.6 2.5 2.5 2 0 1 1 1
-613.7 -5939.6 -4.6 28 0 6.0 23.5 5.0 2.5 4 0 2 4 4
-640.7 -5972.5 -4.7 121 0 9.2 7.5 5.0 2.5 4 0 2 0 0
-626.0 -5937.7 -4.7 30 0 8.8 11.1 5.0 2.5 2 0 2 1 1
-666.5 -5930.1 -4.8 122 0 9.1 7.2 2.5 2.5 2 0 1 3 3
-717.5 -5924.5 -4.7 30 0 11.4 9.8 2.5 2.5 2 0 1 4 4
-706.3 -5893.7 -4.9 31 0 12.7 6.7 5.0 2.5 2 0 2 4 4
-709.3 -5885.8 -4.9 31 0 13.0 9.9 7.5 0.0 0 0 3 0 0
-738.5 -5919.2 -4.7 118 0 9.0 11.5 5.0 2.5 2 1 2 4 4
-724.5 -5841.6 -5.4 299 0 10.2 13.6 5.0 2.5 2 1 2 4 4
-755.4 -5866.1 -5.1 210 0 11.7 18.2 7.5 2.5 2 1 3 0 0
-477.3 -6076.4 -2.6 300 0 10.8 14.6 2.5 2.5 2 1 1 0 0
-502.6 -6061.4 -2.9 301 0 12.1 7.2 5.0 2.5 2 0 2 3 3
-491.8 -6112.0 -3.2 116 0 13.4 13.6 5.0 2.5 2 0 2 5 5
-617.3 -6112.1 -5.4 127 0 8.4 6.4 5.0 2.5 2 0 2 1 1
-631.5 -6107.9 -5.2 121 0 5.9 11.2 7.5 2.5 4 1 3 4 4
-641.4 -6101.6 -5.1 124 0 10.3 12.4 5.0 2.5 2 1 2 4 4
-655.8 -6032.6 -5.3 212 0 8.4 6.0 5.0 2.5 4 0 2 0 0
-588.7 -6012.1 -4.3 297 0 7.3 12.3 7.5 2.5 2 1 3 5 5
-671.1 -6074.8 -4.8 125 0 8.1 14.1 5.0 2.5 2 1 2 5 5
-711.2 -6087.6 -3.8 35 0 7.0 7.2 5.0 2.5 2 1 2 3 3
-664.5 -5976.1 -4.8 310 0 9.9 9.1 5.0 2.5 2 0 2 4 4
-746.3 -6008.0 -4.4 209 0 4.4 18.4 5.0 2.5 2 0 2 3 3
-769.1 -5991.1 -4.4 31 0 12.6 4.8 7.5 2.5 2 0 3 2 2
-763.1 -5994.5 -4.4 31 0 12.4 6.3 7.5 2.5 2 0 3 0 0
-812.1 -6016.8 -3.8 118 0 8.2 6.9 2.5 0.0 0 0 1 5 5
-817.5 -5989.4 -4.0 208 0 10.0 5.2 7.5 2.5 2 0 3 4 4
-740.9 -5932.2 -4.6 298 0 10.6 12.0 2.5 2.5 2 1 1 3 3
-744.6 -5828.5 -5.4 30 0 10.6 13.5 2.5 2.5 2 1 1 1 1
-806.1 -5880.7 -5.2 121 0 5.5 15.2 7.5 2.5 2 1 3 3 3
-857.4 -5994.3 -4.9 125 0 11.7 17.1 10.0 2.5 2 1 4 3 3
-872.7 -5981.4 -5.3 122 0 11.2 15.6 7.5 0.0 0 0 3 2 2
-888.8 -5970.3 -5.3 128 0 13.3 14.6 7.5 2.5 2 1 3 4 4
-869.8 -5965.0 -5.1 125 0 13.6 20.0 10.0 2.5 2 0 4 5 5
-825.5 -5975.3 -4.1 31 0 9.9 6.9 5.0 2.5 2 0 2 5 5
-872.7 -5930.5 -5.0 210 0 14.5 14.7 5.0 2.5 2 1 2 4 4
-803.3 -5935.9 -4.5 30 0 10.9 14.6 10.0 2.5 2 0 4 0 0
-536.1 -5356.2 -5.0 29 0 8.3 9.3 7.5 0.0 0 0 3 3 3
-945.1 -6043.8 -6.7 38 0 27.6 20.0 5.0 2.5 2 0 2 1 1
-939.4 -6022.5 -6.7 38 0 11.8 10.6 5.0 2.5 2 0 2 2 2
-932.1 -6031.7 -6.5 218 0 18.7 13.5 10.0 2.5 2 0 4 3 3
-916.0 -6013.9 -6.2 220 0 10.4 11.1 5.0 2.5 2 0 2 1 1
-908.1 -6021.2 -6.1 215 0 9.1 5.7 5.0 2.5 2 0 2 0 0
-906.0 -6082.2 -5.6 32 0 15.5 17.3 10.0 2.5 2 1 4 2 2
-888.3 -5981.0 -5.7 218 0 9.1 13.3 7.5 2.5 2 1 3 4 4
