-2446.0 -3478.2 -2.7 355 0 16.2 12.4 7.5 2.5 2 0 3 2 2
-2476.3 -3466.8 -4.0 266 0 18.3 26.1 7.5 2.5 2 1 3 3 3
-2503.1 -3520.6 -2.3 176 0 9.1 11.8 7.5 2.5 2 1 3 4 4
-5224.4 -4731.8 -5.5 173 0 28.1 11.0 10.0 2.5 2 0 4 4 4
-5330.7 -5076.1 -7.1 81 0 11.6 10.0 5.0 2.5 2 0 2 3 3
-5087.3 -4792.7 -1.6 183 0 13.6 11.4 2.5 2.5 2 0 1 1 1
-5214.9 -4814.5 -5.3 173 0 10.3 13.1 7.5 2.5 2 1 3 1 1
-5325.6 -4996.5 -6.8 174 0 10.3 12.1 2.5 2.5 2 1 1 4 4
-5221.8 -4696.0 -5.5 264 0 13.0 19.7 10.0 2.5 2 1 4 1 1
-5220.2 -4760.9 -5.5 174 0 26.5 10.4 10.0 2.5 2 0 4 2 2
-5183.6 -4692.6 -4.8 263 0 10.2 39.6 10.0 2.5 4 1 4 0 0
-5198.3 -4669.3 -5.0 185 0 18.7 12.0 7.5 2.5 2 0 3 5 5
-5358.5 -5062.9 -6.8 174 0 11.4 12.3 10.0 0.0 0 1 4 3 3
-5338.1 -4966.9 -6.4 353 0 12.1 6.7 7.5 2.5 2 0 3 2 2
-5257.7 -4864.3 -5.8 354 0 22.3 12.0 7.5 2.5 2 0 3 4 4
-5171.7 -4874.0 -4.4 173 0 17.0 11.6 2.5 2.5 2 0 1 0 0
-5163.4 -4705.8 -4.5 266 0 11.6 24.2 5.0 2.5 2 1 2 5 5
-5231.6 -4790.3 -5.7 263 0 10.5 11.7 7.5 2.5 2 1 3 4 4
-5327.5 -5058.3 -7.0 351 0 10.6 11.9 10.0 2.5 2 1 4 0 0
-5207.8 -4836.1 -5.1 175 0 20.6 7.6 7.5 2.5 2 0 3 2 2
-5359.3 -4948.6 -6.3 86 0 6.3 11.9 5.0 2.5 2 1 2 0 0
-5176.2 -4783.2 -4.1 263 0 8.6 12.9 7.5 2.5 4 1 3 1 1
-5250.2 -4809.0 -5.9 173 0 20.4 10.9 7.5 2.5 4 0 3 2 2
-5294.7 -4980.2 -6.5 351 0 10.6 12.4 5.0 0.0 0 1 2 3 3
-5133.3 -4666.1 -4.0 4 0 15.1 9.7 5.0 0.0 0 0 2 4 4
-5321.0 -5026.5 -7.0 173 0 10.3 12.2 2.5 2.5 2 1 1 1 1
-5298.3 -4999.6 -6.8 83 0 11.7 11.3 7.5 2.5 2 0 3 3 3
-5187.7 -4808.0 -4.9 351 0 15.8 12.7 7.5 2.5 2 0 3 0 0
-5297.7 -5006.6 -7.0 261 0 11.5 11.1 5.0 2.5 2 0 2 1 1
-5138.2 -4745.9 -4.3 354 0 26.3 14.6 7.5 2.5 2 0 3 3 3
-5141.1 -4713.7 -4.2 353 0 28.1 10.1 10.0 2.5 2 0 4 2 2
-5405.8 -4943.6 -7.0 353 0 14.8 11.6 5.0 0.0 0 0 2 0 0
-5139.5 -4853.4 -3.9 85 0 7.3 10.5 7.5 2.5 2 1 3 3 3
-5220.6 -4845.5 -5.4 355 0 6.4 9.4 5.0 2.5 4 1 2 0 0
-5331.0 -5034.1 -6.8 351 0 10.2 11.4 5.0 2.5 4 1 2 3 3
-5329.5 -5046.0 -6.9 350 0 11.0 11.7 5.0 2.5 2 1 2 4 4
-5186.3 -4852.4 -4.9 355 0 16.4 11.1 2.5 2.5 2 0 1 2 2
-5340.2 -4986.0 -6.5 25 0 19.7 32.5 7.5 2.5 2 1 3 1 1
-5061.7 -4486.7 -3.2 278 0 12.9 15.0 2.5 2.5 2 1 1 3 3
-5109.9 -4489.2 -3.3 187 0 22.8 16.0 12.5 2.5 2 0 5 0 0
-5016.9 -4674.0 -3.2 184 0 5.4 11.9 7.5 2.5 2 1 3 2 2
-5118.5 -4591.6 -3.3 185 0 31.3 7.6 7.5 2.5 4 0 3 1 1
-5006.6 -4683.7 -3.3 7 0 8.9 13.3 7.5 2.5 4 1 3 0 0
-5067.6 -4754.9 -1.9 2 0 7.2 8.4 2.5 2.5 2 1 1 2 2
-5082.6 -4554.6 -2.4 5 0 12.6 8.8 2.5 2.5 2 0 1 0 0
-5151.9 -4587.6 -3.8 185 0 16.2 11.7 7.5 2.5 2 0 3 5 5
-4995.3 -4611.3 -2.6 9 0 10.3 7.8 5.0 2.5 2 0 2 5 5
-5026.7 -4731.9 -3.0 5 0 11.3 7.6 2.5 2.5 2 0 1 2 2
-5127.7 -4606.6 -3.6 5 0 10.8 8.6 5.0 2.5 2 0 2 1 1
-5032.9 -4542.4 -2.2 192 0 7.2 23.2 5.0 2.5 2 1 2 1 1
-5051.8 -4636.1 -2.5 358 0 4.9 10.4 7.5 2.5 2 1 3 0 0
-5007.8 -4609.2 -2.6 5 0 11.2 9.3 5.0 0.0 0 0 2 2 2
-4987.6 -4561.0 -2.4 5 0 11.7 11.3 2.5 2.5 2 0 1 3 3
-5008.5 -4696.0 -3.4 2 0 7.5 9.9 2.5 2.5 2 1 1 5 5
-5006.9 -4648.8 -2.9 9 0 8.8 8.5 5.0 0.0 0 0 2 1 1
-5078.2 -4564.3 -2.2 184 0 8.9 13.9 5.0 2.5 4 1 2 5 5
-5074.3 -4723.6 -2.7 6 0 12.4 5.9 5.0 2.5 2 0 2 3 3
-5058.7 -4598.1 -2.3 6 0 8.0 9.7 5.0 2.5 2 1 2 3 3
-5031.8 -4591.6 -2.4 187 0 10.8 11.2 7.5 2.5 2 1 3 4 4
-5109.7 -4544.2 -2.8 273 0 8.5 8.2 7.5 2.5 2 0 3 0 0
-5092.2 -4631.4 -3.1 2 0 18.4 11.3 7.5 2.5 2 0 3 0 0
-5002.8 -4660.1 -3.1 5 0 9.2 8.2 5.0 0.0 0 0 2 0 0
-5083.8 -4656.2 -2.9 183 0 22.5 12.0 7.5 2.5 4 0 3 2 2
-5030.2 -4531.6 -2.2 190 0 8.1 32.8 7.5 0.0 0 1 3 1 1
-5047.0 -4738.1 -2.9 182 0 15.6 11.2 7.5 2.5 2 0 3 1 1
-5195.5 -4615.6 -4.8 185 0 6.7 8.5 7.5 2.5 2 1 3 4 4
-5011.1 -4627.1 -2.7 4 0 7.6 7.7 7.5 2.5 2 1 3 5 5
-5049.0 -4611.7 -2.4 4 0 9.2 9.3 5.0 0.0 0 1 2 4 4
-5196.6 -4642.9 -5.0 188 0 16.2 13.1 2.5 2.5 4 0 1 4 4
-5113.6 -4350.2 -9.4 248 0 11.0 29.5 7.5 2.5 2 1 3 3 3
-5183.2 -4592.7 -4.5 95 0 11.9 11.6 7.5 2.5 2 0 3 0 0
-4934.0 -4536.9 -2.5 0 0 14.8 8.4 7.5 2.5 2 0 3 2 2
-5146.2 -4559.3 -3.6 185 0 20.1 10.1 5.0 2.5 2 0 2 1 1
-5158.7 -4559.5 -4.0 5 0 8.8 11.1 5.0 2.5 2 1 2 2 2
-5307.0 -4590.5 -5.9 187 0 6.6 7.6 5.0 2.5 2 1 2 0 0
-5146.6 -4496.2 -3.9 183 0 14.6 9.1 5.0 2.5 2 0 2 0 0
-5319.5 -4590.2 -5.9 175 0 5.9 8.6 5.0 2.5 2 1 2 1 1
-4984.6 -4596.0 -2.6 179 0 7.1 10.7 7.5 2.5 2 1 3 3 3
-4972.9 -4432.7 -1.6 9 0 12.4 4.2 5.0 2.5 2 0 2 5 5
-5126.8 -4470.4 -4.4 98 0 21.3 13.3 7.5 0.0 0 0 3 4 4
-5118.4 -4498.9 -3.5 4 0 17.6 12.5 7.5 2.5 2 0 3 3 3
-4973.1 -4543.7 -2.3 177 0 7.4 9.2 5.0 2.5 4 1 2 0 0
-4957.0 -4466.5 -1.8 107 0 15.6 8.7 7.5 2.5 2 0 3 0 0
-5305.6 -4627.1 -5.9 92 0 8.2 12.7 5.0 2.5 2 1 2 3 3
-4975.2 -4445.1 -1.7 9 0 9.2 13.2 2.5 2.5 4 1 1 4 4
-5074.6 -4465.7 -4.8 4 0 21.5 14.3 10.0 2.5 2 0 4 4 4
-4957.8 -4557.2 -2.4 86 0 5.8 13.7 7.5 2.5 2 1 3 0 0
-4950.8 -4556.6 -2.4 90 0 6.7 11.0 7.5 0.0 0 1 3 5 5
-5194.0 -4466.9 -5.6 275 0 10.3 6.3 7.5 2.5 2 0 3 4 4
-5221.0 -4533.4 -5.1 185 0 14.8 10.8 10.0 0.0 0 0 4 4 4
-5180.9 -4474.3 -5.1 188 0 14.3 14.9 7.5 2.5 4 1 3 1 1
-5137.8 -4378.1 -8.4 154 0 6.6 17.7 5.0 2.5 2 1 2 5 5
-4939.8 -4581.3 -3.0 91 0 9.7 9.0 5.0 2.5 2 0 2 1 1
-5111.8 -4439.6 -5.4 352 0 6.9 9.0 7.5 2.5 2 1 3 2 2
-4970.7 -4563.4 -2.5 263 0 12.5 14.8 5.0 2.5 2 1 2 3 3
-4950.4 -4605.5 -3.1 359 0 7.5 9.6 7.5 0.0 0 1 3 0 0
-4935.9 -4601.4 -3.3 0 0 8.5 8.6 5.0 2.5 2 1 2 4 4
-5078.9 -4419.1 -6.9 270 0 14.6 16.5 5.0 2.5 4 1 2 2 2
-5243.6 -4646.6 -5.9 6 0 14.5 10.5 2.5 2.5 2 0 1 1 1
-5090.0 -4421.7 -6.5 270 0 5.9 12.2 7.5 2.5 4 1 3 4 4
-4973.8 -4689.8 -3.7 2 0 8.1 15.6 2.5 2.5 4 1 1 3 3
-5341.2 -4476.5 -9.0 182 0 5.3 22.7 5.0 2.5 2 1 2 1 1
-5131.8 -4577.8 -3.6 6 0 5.5 15.4 5.0 2.5 2 1 2 5 5
-5094.8 -4468.0 -4.7 93 0 8.8 14.4 7.5 2.5 2 1 3 5 5
-4967.3 -4659.7 -3.5 86 0 9.5 6.1 7.5 2.5 2 0 3 0 0
-5254.4 -4640.7 -5.9 7 0 13.5 4.7 7.5 0.0 0 0 3 4 4
-4992.2 -4640.1 -3.1 184 0 7.1 9.7 5.0 2.5 2 1 2 2 2
-5301.3 -4532.0 -7.2 93 0 15.8 13.0 5.0 2.5 2 0 2 0 0
-5315.1 -4672.0 -6.0 184 0 17.1 10.3 2.5 2.5 2 0 1 4 4
-4948.1 -4511.5 -2.1 112 0 28.1 23.3 7.5 0.0 0 0 3 4 4
-5151.9 -4495.9 -4.1 7 0 11.3 6.1 5.0 2.5 2 0 2 4 4
-4983.6 -4621.1 -2.9 181 0 6.3 9.6 7.5 2.5 2 1 3 4 4
-5050.0 -4373.6 -9.6 338 0 10.3 12.5 7.5 2.5 2 1 3 4 4
-4945.2 -4562.0 -2.7 272 0 8.5 8.9 5.0 2.5 2 1 2 0 0
-5238.3 -4672.2 -5.7 182 0 24.1 10.2 5.0 2.5 2 0 2 3 3
-5222.5 -4501.1 -5.4 187 0 7.7 15.6 7.5 2.5 4 1 3 3 3
-5159.7 -4570.9 -4.0 5 0 10.5 8.8 2.5 2.5 2 0 1 0 0
-4965.3 -4414.5 -5.1 13 0 18.3 14.7 12.5 2.5 4 0 5 5 5
-5207.6 -4564.1 -5.0 272 0 10.8 13.4 5.0 2.5 2 1 2 3 3
-5007.8 -4485.5 -1.8 102 0 6.8 7.4 7.5 2.5 2 1 3 2 2
-5272.9 -4672.4 -6.0 94 0 7.7 14.3 7.5 0.0 0 1 3 2 2
-5277.4 -4580.0 -5.9 5 0 9.6 21.6 2.5 2.5 2 1 1 5 5
-5131.4 -4431.7 -5.6 259 0 17.5 14.6 2.5 2.5 4 0 1 0 0
-5231.5 -4591.7 -5.4 187 0 12.5 15.0 10.0 2.5 2 1 4 2 2
-5286.5 -4676.4 -6.0 4 0 16.8 13.6 5.0 2.5 2 0 2 0 0
-5029.8 -4471.5 -3.2 12 0 6.6 9.6 2.5 2.5 2 1 1 2 2
-5229.2 -4485.0 -7.0 8 0 14.7 14.1 5.0 2.5 2 0 2 1 1
-4692.3 -4651.6 -7.7 269 0 16.4 30.5 10.0 2.5 4 1 4 5 5
-4662.7 -4648.8 -7.6 266 0 30.9 44.3 12.5 0.0 0 1 5 5 5
-4736.8 -4527.7 -5.3 185 0 16.2 22.7 10.0 2.5 2 1 4 5 5
-1915.9 -1137.2 -1.2 293 0 13.3 16.4 5.0 2.5 2 1 2 0 0
-1562.5 -993.2 2.6 271 0 12.0 14.2 10.0 2.5 4 1 4 4 4
-1527.3 -973.6 2.5 181 0 14.8 13.5 7.5 2.5 2 0 3 5 5
-1477.8 -1024.4 2.7 179 0 13.8 13.2 2.5 2.5 2 0 1 2 2
-1429.3 -1066.1 2.9 268 0 15.2 13.2 5.0 2.5 2 0 2 1 1
-1436.1 -1236.1 -0.4 190 0 14.9 11.4 2.5 2.5 2 0 1 0 0
-1434.6 -1206.7 -0.5 213 0 17.2 18.1 12.5 2.5 2 1 5 2 2
-1589.9 -1158.1 1.7 201 0 13.2 20.5 10.0 2.5 4 1 4 4 4
-1566.5 -1245.9 0.9 13 0 16.6 12.7 5.0 2.5 2 0 2 2 2
-1632.1 -1393.3 4.1 105 0 16.1 20.8 10.0 2.5 2 1 4 5 5
-1663.5 -1408.3 5.0 106 0 12.0 16.1 5.0 2.5 2 1 2 1 1
-1654.8 -1386.9 4.1 103 0 13.8 16.0 5.0 2.5 2 1 2 5 5
-1695.5 -1347.7 3.0 217 0 20.6 23.6 12.5 2.5 2 1 5 3 3
-1828.0 -1233.1 0.5 358 0 15.0 11.7 5.0 2.5 2 0 2 5 5
-1859.0 -1261.1 -0.0 7 0 12.8 15.6 5.0 2.5 2 1 2 3 3
-1856.0 -1006.9 0.9 277 0 8.0 8.4 7.5 0.0 0 1 3 5 5
-1874.2 -1008.1 0.5 185 0 9.1 8.4 7.5 2.5 2 0 3 1 1
-1824.3 -1009.4 0.4 6 0 20.5 14.1 10.0 2.5 2 0 4 1 1
-1827.3 -1135.4 0.4 360 0 17.9 10.0 5.0 2.5 2 0 2 0 0
-1845.4 -1128.8 0.2 271 0 10.6 24.8 10.0 2.5 4 1 4 5 5
-1866.7 -1129.3 -0.2 269 0 10.9 32.2 10.0 2.5 2 1 4 3 3
-1880.4 -1116.9 -0.5 270 0 11.0 33.7 7.5 2.5 2 1 3 0 0
-1885.9 -1148.7 -0.5 182 0 20.4 12.8 7.5 2.5 2 0 3 2 2
-1715.2 -1334.3 2.4 12 0 11.8 11.2 5.0 2.5 2 0 2 1 1
-1751.0 -1412.1 5.7 103 0 11.6 12.0 5.0 2.5 2 1 2 0 0
-1784.9 -1344.5 2.7 7 0 19.7 12.5 7.5 2.5 2 0 3 1 1
-1827.1 -1334.2 2.1 99 0 12.6 11.7 2.5 2.5 2 0 1 0 0
-1817.5 -1370.8 4.1 8 0 13.3 13.0 7.5 2.5 2 0 3 2 2
