1674.0 4506.4 -0.8 38 0 20.1 16.7 7.5 2.5 2 0 3 5 5
1405.6 1718.3 2.5 180 0 26.1 9.7 2.5 2.5 2 0 1 3 3
1136.4 1764.7 2.3 90 0 9.0 15.0 2.5 0.0 0 1 1 0 0
1304.4 1694.6 2.8 81 0 9.0 9.8 2.5 2.5 2 0 1 4 4
1593.6 1668.8 1.3 33 0 7.4 11.2 2.5 2.5 2 1 1 1 1
1605.0 1644.3 0.8 270 0 10.7 13.6 3.5 2.5 2 0 1 1 1
1592.9 1650.8 0.8 270 0 13.6 20.2 2.5 0.0 0 0 1 5 5
1174.2 1412.1 4.5 177 0 22.2 20.7 12.5 2.5 2 0 5 3 3
1068.7 1667.4 -5.0 173 0 15.5 16.3 7.5 2.5 2 1 3 4 4
1139.3 1820.0 2.5 306 0 7.4 7.1 7.5 2.5 2 0 3 1 1
1183.3 1218.0 -2.5 187 0 14.4 28.5 10.0 2.5 2 1 4 2 2
1177.9 1241.4 -2.0 177 0 12.7 30.5 12.5 2.5 2 1 5 4 4
1504.3 1564.4 0.6 89 0 10.3 8.2 7.5 2.5 2 0 3 4 4
1224.0 1116.9 -2.1 153 0 14.0 12.2 10.0 2.5 2 0 4 3 3
1427.1 1741.4 3.4 270 0 10.1 17.2 3.5 2.5 2 1 1 1 1
