4988.0 -5645.4 -5.4 176 0 25.9 6.4 5.0 2.5 2 0 2 1 1
5677.1 -5618.7 -3.8 178 0 8.8 14.8 2.5 2.5 2 1 1 4 4
5686.0 -5547.9 -3.5 86 0 10.1 25.0 7.5 0.0 0 1 3 5 5
5610.5 -5605.9 -4.8 84 0 6.7 12.8 7.5 2.5 2 1 3 5 5
5581.7 -5580.3 -4.5 172 0 15.1 15.2 5.0 2.5 2 1 2 1 1
5480.9 -5609.0 -5.3 266 0 7.9 9.5 5.0 2.5 2 1 2 5 5
5484.0 -5677.4 -5.4 87 0 13.8 17.4 5.0 2.5 2 1 2 2 2
5478.2 -5694.8 -5.8 254 0 9.4 17.7 2.5 0.0 0 1 1 3 3
5380.2 -5680.2 -4.8 356 0 12.1 13.3 7.5 2.5 2 1 3 5 5
5286.4 -5695.5 -5.3 85 0 8.9 10.4 2.5 2.5 2 1 1 5 5
5171.8 -5596.2 -4.1 183 0 19.9 10.1 7.5 2.5 4 0 3 2 2
5096.9 -5580.1 -4.0 265 0 10.6 15.5 7.5 2.5 2 1 3 3 3
5115.1 -5562.5 -3.7 267 0 11.6 12.5 5.0 2.5 4 1 2 4 4
5118.3 -5610.1 -3.9 85 0 12.2 31.6 10.0 2.5 2 1 4 3 3
5076.9 -5564.8 -4.2 266 0 11.4 44.1 7.5 2.5 2 1 3 0 0
5180.1 -5558.2 -3.8 215 0 19.7 23.0 10.0 2.5 2 1 4 1 1
5172.3 -5726.8 -5.6 177 0 28.8 10.2 15.0 0.0 0 0 6 1 1
5193.8 -5739.6 -5.8 86 0 10.2 29.0 5.0 0.0 0 1 2 0 0
5206.6 -5738.9 -5.9 87 0 10.2 29.1 10.0 2.5 2 1 4 2 2
5221.0 -5737.6 -6.1 86 0 9.5 27.2 7.5 0.0 0 1 3 0 0
5235.1 -5736.9 -6.2 86 0 11.5 28.3 10.0 2.5 4 1 4 4 4
5246.6 -5672.1 -5.8 355 0 48.3 11.3 10.0 2.5 2 0 4 4 4
5228.6 -5674.7 -5.6 354 0 46.3 9.7 7.5 2.5 2 0 3 1 1
5207.8 -5651.9 -5.5 265 0 9.4 48.0 5.0 2.5 2 1 2 4 4
5187.7 -5677.5 -5.3 175 0 49.0 9.4 7.5 2.5 2 0 3 1 1
5172.3 -5679.4 -5.3 175 0 48.0 10.6 10.0 2.5 4 0 4 0 0
