3357.5 -6106.9 -2.8 165 0 6.0 82.1 7.5 0.0 0 1 3 3 3
3342.3 -6115.9 -2.0 255 0 8.3 16.2 7.5 2.5 2 1 3 1 1
3286.0 -6165.5 -3.0 158 0 12.2 20.2 7.5 2.5 2 1 3 1 1
3375.6 -6127.8 -1.9 255 0 26.8 7.8 7.5 0.0 0 0 3 2 2
3177.9 -6220.5 -4.5 144 0 11.6 19.0 5.0 2.5 2 1 2 1 1
3462.6 -6065.7 -4.3 255 0 53.6 12.1 12.5 2.5 2 0 5 0 0
3404.4 -6120.3 -2.6 255 0 29.0 7.1 5.0 2.5 2 0 2 4 4
3285.2 -6125.0 -3.0 248 0 19.0 11.6 5.0 2.5 2 0 2 5 5
3275.1 -6210.2 -3.3 334 0 19.0 11.5 2.5 2.5 2 0 1 4 4
3200.5 -6197.1 -4.4 234 0 19.0 11.6 2.5 2.5 2 0 1 0 0
3465.3 -6109.7 -4.8 75 0 33.3 13.5 10.0 2.5 2 0 4 5 5
3399.4 -6100.8 -1.9 255 0 11.2 18.5 7.5 2.5 4 1 3 2 2
3336.6 -6139.0 -2.4 255 0 8.3 16.2 7.5 2.5 2 1 3 0 0
3266.4 -6155.5 -3.7 338 0 11.6 19.0 5.0 2.5 2 1 2 0 0
3170.0 -6257.6 -3.2 251 0 18.9 11.6 5.0 2.5 4 0 2 4 4
3235.9 -6243.7 -3.4 71 0 18.9 11.6 5.0 2.5 2 0 2 3 3
3194.0 -6260.5 -3.3 71 0 18.9 11.6 2.5 2.5 2 0 1 4 4
3363.3 -6110.8 -1.9 255 0 10.8 18.2 5.0 2.5 2 1 2 4 4
3214.7 -6181.4 -4.6 215 0 19.0 11.5 10.0 2.5 2 0 4 1 1
3347.2 -6135.9 -2.2 255 0 8.3 16.2 7.5 2.5 2 1 3 0 0
3215.4 -6251.7 -3.4 71 0 18.9 11.6 5.0 0.0 0 0 2 4 4
3410.1 -6104.9 -3.2 165 0 11.4 30.6 12.5 2.5 4 1 5 0 0
3283.9 -6147.1 -2.8 158 0 11.6 19.0 7.5 2.5 2 1 3 1 1
3237.3 -6158.0 -4.6 305 0 11.5 19.0 5.0 2.5 2 1 2 0 0
2921.7 -6405.8 -5.8 167 0 9.6 6.3 2.5 2.5 2 0 1 4 4
3259.9 -6140.2 -4.6 338 0 11.6 18.9 5.0 2.5 2 1 2 0 0
3428.2 -6107.7 -3.7 255 0 17.9 13.1 7.5 2.5 2 0 3 5 5
3446.2 -6124.7 -4.4 345 0 11.0 52.0 12.5 2.5 4 1 5 1 1
3116.2 -6264.0 -4.2 262 0 16.5 19.9 10.0 2.5 2 1 4 3 3
