-390.9 -6204.3 -1.6 171 0 14.1 23.6 5.0 0.0 0 1 2 0 0
-261.8 -6119.0 -2.6 156 0 6.0 9.7 7.5 0.0 0 0 3 5 5
-378.0 -6118.4 -1.7 207 0 11.7 23.0 10.0 2.5 2 1 4 0 0
-347.4 -6062.0 -1.5 206 0 24.4 13.8 7.5 2.5 2 0 3 0 0
-332.0 -6038.5 -1.3 208 0 10.4 11.8 7.5 2.5 4 1 3 1 1
-368.2 -6031.2 -1.6 213 0 51.9 22.6 10.0 2.5 2 0 4 1 1
-400.2 -6083.0 -1.7 213 0 49.5 22.3 10.0 2.5 2 0 4 0 0
-233.5 -5961.5 -3.8 179 0 7.5 8.5 7.5 2.5 4 1 3 4 4
-235.5 -5975.5 -3.6 179 0 7.5 8.5 5.0 2.5 2 1 2 1 1
-241.1 -5988.1 -3.4 180 0 8.1 11.5 5.0 2.5 2 1 2 1 1
-239.3 -5988.0 -3.2 178 0 7.5 8.5 2.5 2.5 2 1 1 1 1
-244.0 -6001.9 -3.1 180 0 8.1 11.5 5.0 2.5 2 1 2 3 3
-245.2 -6015.3 -2.7 178 0 7.5 8.5 7.5 2.5 2 1 3 5 5
-242.2 -6033.3 -3.1 179 0 7.5 8.5 7.5 2.5 2 1 3 0 0
-245.7 -6048.4 -3.1 180 0 8.1 11.5 7.5 2.5 2 1 3 4 4
-248.5 -6062.3 -2.8 180 0 8.1 11.5 7.5 2.5 2 1 3 1 1
-222.1 -6056.5 -4.2 359 0 5.7 8.5 5.0 2.5 2 1 2 3 3
-208.6 -5956.4 -5.6 359 0 5.7 8.5 7.5 2.5 2 1 3 5 5
-210.6 -5970.5 -5.4 359 0 5.7 8.5 7.5 2.5 2 1 3 2 2
-212.2 -5985.1 -5.3 359 0 8.2 11.5 5.0 2.5 2 1 2 2 2
-217.0 -5998.1 -4.8 359 0 5.7 8.5 7.5 2.5 2 1 3 1 1
-220.1 -6012.5 -4.5 359 0 5.7 8.5 5.0 0.0 0 1 2 4 4
-217.4 -6026.8 -4.9 359 0 5.7 8.5 5.0 0.0 0 1 2 4 4
-218.6 -6041.7 -4.7 359 0 8.2 11.5 2.5 2.5 2 1 1 5 5
-219.7 -6041.7 -4.6 359 0 5.7 8.5 7.5 2.5 2 1 3 5 5
-504.1 -6288.2 -2.9 258 0 7.5 8.6 7.5 2.5 2 1 3 0 0
-486.3 -6289.4 -2.9 278 0 8.1 11.5 5.0 2.5 2 1 2 1 1
-466.5 -6293.4 -2.7 278 0 8.1 11.5 5.0 2.5 2 1 2 2 2
-469.6 -6295.9 -2.6 233 0 7.4 8.6 7.5 0.0 0 1 3 0 0
-433.4 -6282.0 -1.6 235 0 8.1 11.5 5.0 0.0 0 1 2 4 4
-432.3 -6283.5 -1.5 233 0 7.4 8.6 7.5 2.5 2 1 3 0 0
-414.0 -6275.9 -0.6 233 0 7.4 8.6 5.0 2.5 4 1 2 2 2
-402.7 -6267.5 -0.3 235 0 8.1 11.5 5.0 0.0 0 1 2 4 4
-389.7 -6258.8 -0.3 235 0 8.1 11.5 5.0 2.5 2 1 2 5 5
-518.9 -6310.8 -4.9 182 0 6.8 7.5 5.0 2.5 2 1 2 3 3
-465.1 -6325.4 -4.0 99 0 8.1 11.5 5.0 2.5 2 1 2 3 3
-443.1 -6319.4 -4.0 54 0 8.1 11.5 7.5 2.5 4 1 3 5 5
-443.7 -6318.5 -3.9 54 0 5.6 8.6 2.5 2.5 4 1 1 1 1
-411.6 -6306.3 -2.6 54 0 8.1 11.5 7.5 2.5 2 1 3 0 0
-369.0 -6268.8 -0.4 278 0 8.1 11.5 7.5 0.0 0 1 3 4 4
-378.4 -6279.2 -0.5 324 0 8.2 11.5 2.5 0.0 0 1 1 5 5
-380.2 -6279.9 -0.4 324 0 8.6 7.5 5.0 0.0 0 0 2 5 5
-359.4 -5941.5 -2.2 30 0 6.4 9.1 5.0 2.5 2 1 2 1 1
-371.5 -5964.5 -2.0 30 0 6.4 9.1 2.5 2.5 2 1 1 0 0
-404.9 -6010.1 -2.9 30 0 6.4 9.1 5.0 2.5 4 1 2 5 5
-412.3 -6021.6 -3.0 30 0 6.4 9.1 2.5 2.5 4 1 1 2 2
-420.5 -6034.2 -3.1 29 0 6.4 9.1 5.0 2.5 2 1 2 5 5
-435.7 -6059.9 -3.2 30 0 6.4 9.1 5.0 2.5 4 1 2 4 4
-485.4 -6117.2 -3.0 209 0 6.4 9.1 5.0 2.5 2 1 2 0 0
-494.1 -6129.8 -2.8 209 0 6.5 9.1 5.0 2.5 2 1 2 4 4
-534.2 -6190.1 -2.6 209 0 6.4 9.1 7.5 0.0 0 1 3 0 0
-538.1 -6204.4 -2.6 209 0 6.5 9.1 5.0 2.5 2 1 2 2 2
-545.9 -6217.1 -3.2 209 0 6.5 9.1 7.5 2.5 2 1 3 4 4
-554.6 -6233.7 -4.5 164 0 6.5 9.1 7.5 2.5 2 1 3 3 3
3146.4 -6286.4 -1.5 120 0 51.7 59.1 10.0 0.0 0 1 4 5 5
