-5116.7 -1801.5 -0.9 176 0 8.0 12.1 7.5 2.5 2 1 3 3 3
-5026.2 -2215.8 -2.2 3 0 8.9 9.8 7.5 2.5 2 1 3 2 2
-5016.7 -2220.1 -1.7 179 0 10.7 10.2 5.0 2.5 2 0 2 0 0
-4944.5 -2304.3 -0.7 349 0 11.2 9.3 7.5 0.0 0 0 3 3 3
-4924.1 -2323.9 -1.7 167 0 11.0 9.4 7.5 2.5 2 0 3 0 0
-4901.6 -2182.2 1.3 176 0 9.6 17.8 2.5 2.5 2 1 1 5 5
-5023.2 -2049.6 -0.8 275 0 12.6 7.8 7.5 2.5 2 0 3 4 4
-5071.5 -2085.7 -1.9 102 0 9.5 9.6 5.0 2.5 2 1 2 0 0
-5128.5 -1925.4 -2.0 0 0 6.2 9.7 5.0 2.5 2 1 2 2 2
-5115.7 -1840.2 1.7 179 0 9.4 6.3 7.5 0.0 0 0 3 1 1
-5118.5 -1817.8 0.5 179 0 7.7 8.9 5.0 2.5 2 1 2 5 5
-5040.1 -1854.7 1.7 349 0 8.4 11.9 7.5 2.5 2 1 3 0 0
-5027.4 -1822.3 1.5 259 0 10.2 11.4 10.0 2.5 2 1 4 5 5
-5034.2 -1788.6 0.7 258 0 8.5 21.0 7.5 2.5 2 1 3 0 0
-5099.3 -1932.3 0.3 265 0 9.0 11.3 7.5 2.5 2 1 3 0 0
-5108.5 -2024.6 -6.4 355 0 15.3 15.7 12.5 2.5 2 1 5 1 1
-4975.6 -2064.2 -0.8 125 0 12.7 18.1 10.0 2.5 2 1 4 1 1
-4931.7 -2035.3 -0.9 274 0 9.2 29.2 7.5 2.5 2 1 3 0 0
-4798.5 -2019.9 -0.8 351 0 27.4 12.1 10.0 2.5 2 0 4 4 4
-4842.6 -2021.5 -0.8 172 0 40.8 12.9 7.5 2.5 2 0 3 1 1
-4848.9 -1942.0 -0.1 260 0 11.7 37.4 10.0 2.5 2 1 4 1 1
-4805.4 -1872.9 0.0 264 0 14.0 8.4 7.5 2.5 4 0 3 1 1
-4800.1 -1894.1 -0.1 84 0 7.7 10.6 5.0 2.5 2 1 2 3 3
-5069.0 -2124.3 -2.2 274 0 11.7 11.1 5.0 0.0 0 0 2 5 5
-5061.8 -2155.4 -1.9 254 0 9.7 9.5 2.5 2.5 2 0 1 0 0
-5018.7 -2172.8 -0.9 181 0 11.6 10.6 7.5 2.5 2 0 3 4 4
-4910.9 -2172.5 1.1 88 0 8.8 11.3 7.5 2.5 2 1 3 1 1
-4869.8 -2115.1 0.2 83 0 10.0 8.6 5.0 2.5 2 0 2 3 3
-4837.6 -2173.9 1.0 269 0 8.7 9.2 5.0 2.5 2 1 2 5 5
-4917.8 -2008.6 -0.7 178 0 11.3 11.2 5.0 0.0 0 0 2 2 2
-4994.3 -1975.9 -0.3 261 0 9.7 8.7 7.5 2.5 2 0 3 2 2
-5038.9 -1988.0 -0.5 304 0 7.2 12.1 5.0 2.5 4 1 2 1 1
-4719.3 -2112.6 -2.7 266 0 20.6 13.1 10.0 2.5 2 0 4 4 4
-89.8 -2166.2 3.2 358 0 12.0 12.3 5.0 2.5 2 1 2 4 4
-26.0 -2161.2 1.3 265 0 12.5 15.6 5.0 2.5 2 1 2 5 5
-34.7 -2128.5 1.2 178 0 24.4 9.2 2.5 2.5 2 0 1 5 5
43.3 -2164.2 -0.9 264 0 9.2 9.9 7.5 2.5 2 1 3 0 0
21.7 -2212.9 -0.3 86 0 11.4 9.7 5.0 2.5 2 0 2 1 1
22.2 -2192.5 -0.3 80 0 10.6 9.5 7.5 2.5 2 0 3 2 2
19.9 -2100.5 0.9 1 0 9.7 9.7 7.5 2.5 2 1 3 0 0
33.1 -2087.9 0.9 174 0 8.7 8.9 7.5 0.0 0 1 3 4 4
35.1 -2113.2 0.8 176 0 11.3 10.3 2.5 0.0 0 0 1 0 0
46.0 -2006.2 1.1 262 0 14.9 17.2 7.5 0.0 0 1 3 2 2
-49.3 -1986.4 2.2 169 0 13.5 17.3 2.5 2.5 2 1 1 4 4
2.1 -1901.0 3.4 86 0 9.4 9.8 7.5 2.5 2 1 3 5 5
35.5 -1935.7 3.5 267 0 23.4 11.6 10.0 2.5 2 0 4 3 3
44.1 -1958.5 2.1 275 0 9.1 33.0 7.5 2.5 2 1 3 3 3
-103.5 -2033.6 0.6 216 0 13.1 18.3 7.5 2.5 2 1 3 5 5
-156.6 -1946.1 1.4 197 0 14.8 15.1 2.5 0.0 0 1 1 1 1
-155.3 -1914.7 1.5 185 0 10.4 9.0 5.0 2.5 2 0 2 0 0
-111.2 -1912.3 2.9 85 0 8.3 10.3 2.5 2.5 4 1 1 4 4
-74.2 -1835.1 2.3 82 0 10.4 9.7 5.0 2.5 2 0 2 5 5
-71.7 -1846.7 2.7 265 0 8.4 8.9 5.0 2.5 4 1 2 5 5
-37.6 -1951.1 3.3 354 0 13.2 9.9 7.5 2.5 4 0 3 1 1
-64.6 -1965.0 2.7 269 0 9.6 11.8 5.0 2.5 2 1 2 0 0
-109.4 -1966.0 2.3 271 0 6.8 8.9 7.5 2.5 2 1 3 5 5
-133.8 -2063.9 -0.3 0 0 7.1 14.2 5.0 0.0 0 1 2 2 2
-160.4 -2012.8 -0.1 177 0 10.9 13.6 7.5 2.5 2 1 3 5 5
-187.6 -1977.7 0.2 202 0 7.4 9.1 7.5 2.5 4 1 3 4 4
-174.9 -1951.6 0.5 290 0 6.1 11.2 2.5 2.5 2 1 1 0 0
-179.0 -1935.7 -0.0 14 0 9.0 15.4 7.5 2.5 2 1 3 4 4
-199.7 -1980.0 -0.5 35 0 7.4 7.4 5.0 2.5 2 0 2 0 0
-235.6 -2010.0 -1.7 190 0 9.3 6.4 7.5 2.5 2 0 3 2 2
