-1725.3 6366.3 -4.0 263 0 42.5 20.2 7.5 2.5 2 0 3 0 0
-1644.5 6315.2 -7.0 84 0 20.4 39.2 12.5 0.0 0 1 5 5 5
-1768.2 6319.9 -6.8 86 0 19.7 38.4 7.5 0.0 0 1 3 5 5
-2073.6 6347.4 0.8 98 0 8.6 15.5 7.5 2.5 2 1 3 2 2
-1831.8 6362.2 -4.3 216 0 13.0 13.1 5.0 2.5 2 1 2 4 4
-1904.3 6366.7 -2.6 352 0 27.9 11.2 10.0 0.0 0 0 4 1 1
-721.1 5627.8 -5.7 11 0 32.8 40.7 14.0 0.0 0 1 4 4 4
-905.6 5718.4 -6.9 95 0 22.2 14.7 14.0 3.5 2 0 4 0 0
-782.3 5749.9 -3.8 97 0 9.4 19.2 10.5 3.5 2 1 3 5 5
-698.7 5716.7 -3.2 100 0 12.9 38.3 10.5 3.5 2 1 3 2 2
-740.7 5887.6 -1.1 185 0 26.8 10.9 14.0 3.5 2 0 4 5 5
-1103.6 5863.6 -7.1 123 0 16.3 8.8 10.5 3.5 2 0 3 4 4
-997.5 5934.6 -3.6 87 0 16.5 9.4 10.5 3.5 2 0 3 4 4
-1036.4 5917.7 -4.9 359 0 10.2 17.3 14.0 3.5 2 1 4 1 1
-831.9 6069.1 -7.2 65 0 7.3 30.0 10.5 3.5 2 1 3 1 1
-546.3 6105.8 -2.8 101 0 10.3 13.9 14.0 3.5 2 1 4 2 2
-390.6 5967.6 -6.1 20 0 9.0 18.1 10.5 3.5 2 1 3 1 1
-546.5 6021.1 -1.4 214 0 24.8 14.7 14.0 0.0 0 0 4 4 4
-612.7 6086.8 -2.1 355 0 20.6 12.7 10.5 3.5 2 0 3 4 4
-679.5 6088.3 -3.3 250 0 14.5 15.9 10.5 3.5 2 1 3 0 0
-724.5 6065.4 -4.3 158 0 15.6 21.6 14.0 3.5 2 1 4 4 4
