6142.0 -6457.6 -8.7 214 0 18.7 16.7 12.5 2.5 2 0 5 1 1
5907.1 -6575.7 -7.7 330 0 40.0 32.9 7.5 0.0 0 0 3 0 0
5675.6 -6589.6 -9.8 89 0 7.9 10.0 5.0 2.5 2 1 2 0 0
6082.2 -6449.6 -8.1 49 0 7.1 10.0 5.0 0.0 0 1 2 2 2
6127.0 -6489.8 -9.1 223 0 13.9 12.0 5.0 2.5 2 0 2 0 0
6106.1 -6513.9 -8.5 221 0 13.7 12.2 5.0 2.5 2 0 2 4 4
5703.0 -6588.2 -9.8 89 0 7.7 10.0 5.0 2.5 2 1 2 1 1
5731.2 -6587.4 -9.3 88 0 7.8 10.1 5.0 2.5 2 1 2 2 2
5765.5 -6584.5 -8.6 88 1 13.9 10.0 10.0 2.5 2 0 4 5 5
5796.4 -6576.3 -7.3 83 0 13.9 10.0 5.0 2.5 2 0 2 3 3
5891.4 -6685.9 -9.2 343 0 18.0 21.9 10.0 2.5 2 1 4 1 1
5823.0 -6569.6 -6.7 80 0 7.3 10.0 5.0 2.5 4 1 2 4 4
5971.7 -6508.0 -8.1 62 0 13.9 10.0 5.0 2.5 2 0 2 1 1
5993.4 -6494.3 -7.6 64 0 13.9 10.0 5.0 2.5 2 0 2 5 5
5920.5 -6571.6 -7.4 150 0 37.1 24.3 10.0 0.0 0 0 4 4 4
5602.9 -6617.8 -8.2 266 0 8.1 7.2 5.0 2.5 2 0 2 4 4
5869.7 -6604.9 -6.2 60 0 24.0 16.9 12.5 2.5 2 0 5 3 3
5977.8 -6605.8 -5.9 240 0 7.6 8.6 5.0 2.5 2 1 2 1 1
5963.9 -6635.7 -5.8 150 0 8.6 7.6 2.5 2.5 2 0 1 3 3
5956.0 -6592.4 -5.6 239 0 11.7 5.0 7.5 2.5 4 0 3 3 3
4117.7 2184.7 2.2 264 0 12.4 29.0 10.0 2.5 2 1 4 1 1
4086.3 2156.7 1.6 175 0 13.1 11.4 5.0 2.5 2 0 2 0 0
4089.7 2179.3 2.1 264 0 11.5 13.3 7.5 2.5 2 1 3 0 0
