80.1 2410.4 0.7 305 0 13.6 21.2 5.0 2.5 2 1 2 1 1
55.3 2427.5 0.9 304 0 14.3 16.1 7.5 2.5 2 1 3 2 2
49.3 2674.5 2.7 39 0 10.7 11.2 7.5 2.5 2 1 3 0 0
-24.3 2678.6 3.1 220 0 10.5 17.8 5.0 2.5 2 0 2 0 0
-49.0 2627.9 3.3 306 0 12.1 26.7 7.5 2.5 2 1 3 5 5
-12.4 2601.9 2.7 312 0 11.0 38.2 7.5 2.5 4 1 3 4 4
-66.3 2570.6 2.4 125 0 27.4 11.3 10.0 0.0 0 0 4 1 1
76.0 2558.1 1.1 124 0 13.5 6.2 7.5 2.5 2 0 3 2 2
-113.6 2652.7 3.5 215 0 37.4 28.4 10.0 0.0 0 0 4 2 2
-117.8 2696.6 3.8 126 0 13.3 18.2 7.5 2.5 2 1 3 4 4
-212.6 2952.4 6.3 243 0 6.2 13.2 2.5 2.5 2 0 1 1 1
-218.7 2949.3 6.4 243 0 7.3 6.8 2.5 2.5 2 0 1 5 5
-74.7 3049.2 -7.8 159 0 8.0 14.7 7.5 0.0 0 1 3 2 2
-98.4 2826.0 3.4 11 0 12.2 17.7 10.0 2.5 2 1 4 1 1
-317.1 2938.9 -7.7 154 0 5.7 11.0 2.5 2.5 2 1 1 5 5
48.7 2575.5 2.0 125 0 12.4 17.3 5.0 2.5 4 1 2 5 5
-66.9 2658.1 3.5 123 0 15.8 9.1 2.5 2.5 2 0 1 2 2
475.8 2285.8 -0.8 43 0 14.4 6.7 7.5 0.0 0 0 3 4 4
-171.9 2841.5 4.2 7 0 12.3 9.2 7.5 2.5 2 0 3 3 3
-154.5 2894.8 4.8 351 0 11.1 16.3 2.5 2.5 2 1 1 2 2
-8.3 2907.7 3.5 121 0 10.2 12.6 10.0 2.5 2 1 4 0 0
128.7 2835.8 4.6 56 0 12.7 12.1 7.5 2.5 2 0 3 0 0
121.8 2886.1 4.6 305 0 10.3 20.6 5.0 2.5 2 1 2 5 5
136.3 2727.2 3.4 301 0 8.8 15.0 5.0 2.5 2 1 2 3 3
-0.9 2401.8 0.7 306 0 11.4 11.2 10.0 2.5 2 0 4 2 2
-122.1 2484.7 1.4 308 0 14.2 9.3 5.0 0.0 0 0 2 0 0
-142.9 2514.1 1.2 128 0 12.7 8.9 5.0 0.0 0 0 2 0 0
-143.5 2503.8 1.4 307 0 9.1 11.9 2.5 2.5 2 1 1 2 2
-237.1 2841.3 4.9 179 0 10.1 9.5 7.5 2.5 2 0 3 1 1
-0.8 2469.2 1.1 305 0 9.5 10.3 7.5 2.5 2 1 3 5 5
-20.8 2439.8 0.8 123 0 8.9 11.1 5.0 2.5 2 1 2 2 2
-88.5 2530.3 1.0 305 0 11.4 10.0 5.0 2.5 2 0 2 1 1
-51.8 2436.9 0.9 302 0 9.1 11.0 7.5 0.0 0 1 3 5 5
32.9 2839.6 3.4 211 0 13.2 11.5 5.0 0.0 0 0 2 3 3
-209.0 2868.5 5.0 180 0 10.9 10.1 7.5 2.5 2 0 3 4 4
-83.3 2719.9 3.7 33 0 6.6 10.2 5.0 2.5 4 0 2 5 5
139.4 2585.1 1.8 314 0 10.5 11.5 5.0 0.0 0 1 2 3 3
172.6 2565.9 1.9 125 0 10.5 10.1 5.0 0.0 0 0 2 4 4
