5987.1 4779.9 -4.8 3 0 30.2 12.5 12.5 2.5 2 0 5 2 2
5987.7 4753.4 -2.2 4 0 12.9 17.4 2.5 2.5 2 1 1 0 0
5908.4 4528.1 -2.4 86 0 12.3 18.6 7.5 2.5 2 0 3 2 2
5908.5 5251.3 -7.3 109 0 20.4 11.7 5.0 2.5 2 0 2 3 3
5518.5 6209.9 -5.0 23 0 8.7 9.2 10.5 3.5 2 1 3 1 1
5593.0 6209.8 -5.4 23 0 8.8 13.7 10.5 3.5 2 1 3 3 3
5569.6 6149.1 -4.0 23 0 11.6 18.4 14.0 3.5 2 1 4 0 0
5559.1 6128.3 -4.2 21 0 15.4 10.7 14.0 3.5 2 0 4 5 5
5497.1 5880.9 -5.7 18 0 14.7 10.6 14.0 3.5 2 0 4 5 5
5464.0 5961.0 -4.1 19 0 9.2 8.0 10.5 3.5 2 0 3 2 2
5457.0 5915.2 -3.2 107 0 9.0 13.8 10.5 3.5 2 1 3 4 4
5373.5 5990.7 -5.8 214 0 13.4 9.6 10.5 3.5 2 0 3 1 1
5364.8 5975.3 -6.0 205 0 11.7 7.9 10.5 3.5 2 0 3 4 4
5345.7 5947.1 -6.3 27 0 9.0 6.2 10.5 3.5 2 0 3 0 0
5322.1 5957.3 -6.9 200 0 8.7 10.3 10.5 0.0 0 1 3 5 5
5322.4 5925.8 -6.7 113 0 11.5 23.3 14.0 3.5 2 1 4 2 2
5286.6 6030.4 -6.4 308 0 18.2 31.3 14.0 3.5 2 1 4 5 5
5577.1 5961.3 -6.0 34 0 23.6 16.9 14.0 3.5 2 0 4 4 4
5555.6 5918.9 -5.4 17 0 15.2 15.5 14.0 3.5 2 1 4 4 4
