5807.7 -175.5 -0.0 212 0 7.6 11.6 7.5 2.5 2 1 3 5 5
5789.8 -224.4 -0.4 299 0 11.3 24.5 5.0 2.5 2 1 2 5 5
6702.5 6613.8 -6.2 206 0 14.4 17.2 7.5 2.5 2 1 3 5 5
6357.0 4095.5 -2.1 201 0 29.0 20.9 10.0 2.5 2 0 4 1 1
6637.8 6601.0 -6.9 276 0 10.7 10.4 7.5 0.0 0 0 3 2 2
6649.5 6525.5 -6.8 277 0 7.9 10.5 7.5 2.5 2 1 3 3 3
6645.8 6476.5 -7.5 284 0 10.8 6.1 2.5 2.5 2 0 1 0 0
6630.9 6477.3 -7.5 273 0 10.2 21.4 7.5 2.5 2 1 3 5 5
6607.6 6478.4 -6.9 4 0 13.9 11.0 7.5 2.5 2 0 3 2 2
6603.0 6453.0 -7.3 4 0 18.5 12.0 5.0 2.5 2 0 2 4 4
6706.6 6400.5 -9.6 3 0 17.7 15.3 7.5 2.5 2 0 3 2 2
6674.2 6430.8 -8.6 4 0 14.2 11.4 7.5 2.5 2 0 3 5 5
6672.0 6471.3 -8.3 273 0 10.2 27.4 7.5 2.5 2 1 3 0 0
6747.8 6626.0 -6.0 189 0 18.8 12.7 5.0 2.5 4 0 2 5 5
6773.7 6597.1 -6.3 96 0 6.5 15.0 5.0 2.5 2 1 2 2 2
6772.1 6586.7 -6.5 3 0 8.3 11.5 2.5 2.5 2 1 1 4 4
6765.3 6708.8 -4.3 273 0 6.5 15.9 5.0 2.5 2 1 2 2 2
6291.1 3961.9 -3.6 108 0 10.7 7.2 7.5 2.5 2 0 3 5 5
6247.2 3964.1 -5.8 290 0 11.1 10.3 10.0 2.5 2 0 4 3 3
6265.5 3924.1 -6.5 113 0 9.1 10.4 7.5 2.5 2 1 3 2 2
6329.9 4079.2 -2.6 290 0 8.9 13.3 5.0 2.5 2 1 2 3 3
6308.6 4128.7 -1.9 291 0 9.5 14.6 2.5 2.5 2 1 1 5 5
6288.8 4122.0 -2.2 310 0 8.5 12.2 5.0 2.5 2 1 2 2 2
6289.3 4057.8 -3.4 110 0 16.5 11.7 7.5 2.5 4 0 3 4 4
6298.0 3988.2 -3.3 108 0 10.4 14.3 2.5 2.5 2 1 1 1 1
6330.4 3925.9 -3.7 18 0 6.3 17.4 7.5 2.5 2 1 3 1 1
6385.8 3930.7 -6.7 19 0 13.3 33.4 10.0 0.0 0 1 4 3 3
6370.9 3991.8 -3.2 198 0 19.9 10.6 7.5 2.5 2 0 3 5 5
5917.8 -184.8 -4.7 120 0 9.9 7.3 7.5 2.5 4 0 3 3 3
5911.8 -164.5 -3.3 211 0 13.5 12.4 5.0 2.5 2 0 2 5 5
5851.6 -183.5 -0.1 212 0 10.5 5.4 7.5 2.5 4 0 3 5 5
5873.2 -205.3 -0.3 33 0 7.4 8.8 5.0 2.5 2 1 2 1 1
5882.7 -174.4 -0.1 312 0 9.1 8.6 5.0 2.5 2 0 2 4 4
5813.6 -82.4 -0.8 214 0 10.6 7.2 5.0 2.5 2 0 2 4 4
5871.6 -8.4 -2.9 27 0 5.2 10.7 5.0 2.5 2 1 2 2 2
5885.6 9.7 -2.0 290 0 8.8 8.2 2.5 2.5 2 0 1 3 3
5912.1 12.7 -0.9 210 0 10.2 8.6 7.5 2.5 4 0 3 4 4
5905.8 4.2 -1.3 215 0 8.3 11.9 2.5 2.5 4 1 1 0 0
5879.0 -56.9 -3.2 119 0 11.6 9.9 7.5 2.5 2 0 3 2 2
5903.2 -70.6 -2.9 34 0 8.6 10.0 2.5 2.5 2 1 1 2 2
5909.7 -97.7 -2.5 307 0 8.3 6.4 7.5 2.5 2 0 3 1 1
5891.1 -127.3 -1.8 300 0 16.6 12.2 5.0 0.0 0 0 2 3 3
5894.2 -106.5 -2.7 211 0 12.7 13.5 7.5 2.5 2 1 3 4 4
5922.4 -77.8 -2.8 29 0 9.4 8.5 5.0 2.5 2 0 2 4 4
5929.7 -62.9 -2.5 31 0 10.9 9.7 7.5 2.5 2 0 3 5 5
