-1316.5 -5520.5 -1.7 125 0 22.6 19.1 7.5 2.5 2 0 3 3 3
6290.4 1370.4 -5.8 165 0 8.3 11.7 5.0 0.0 0 1 2 4 4
6202.5 1289.5 -2.2 100 0 11.1 16.4 7.5 2.5 2 1 3 1 1
6194.4 1341.6 -1.2 300 0 9.9 13.5 7.5 0.0 0 1 3 5 5
6184.1 1287.9 -3.3 189 0 13.1 11.0 2.5 0.0 0 0 1 3 3
6236.3 1326.4 0.4 95 0 12.7 16.8 5.0 2.5 2 1 2 5 5
6267.9 1323.5 0.3 178 0 23.3 14.7 10.0 2.5 2 0 4 5 5
6199.6 1161.4 -4.3 212 0 16.6 19.8 10.0 2.5 2 1 4 3 3
6242.3 1288.1 -1.3 7 0 10.1 24.6 5.0 2.5 2 1 2 3 3
6278.7 1254.4 0.3 187 0 6.1 9.0 5.0 2.5 4 1 2 0 0
6276.8 1244.6 0.5 193 0 6.1 9.2 7.5 2.5 2 1 3 0 0
6274.6 1234.9 0.8 197 0 5.7 9.1 7.5 2.5 2 1 3 2 2
6271.0 1225.0 1.1 197 0 5.8 9.1 5.0 2.5 2 1 2 1 1
6258.6 1184.8 0.9 206 0 5.6 8.9 5.0 2.5 4 1 2 3 3
6253.6 1175.0 0.2 218 0 5.9 8.7 2.5 2.5 2 1 1 5 5
6238.2 1160.3 -3.2 247 0 5.5 8.9 7.5 0.0 0 1 3 1 1
6247.8 1312.9 0.4 357 0 14.6 10.2 2.5 2.5 2 0 1 2 2
6176.2 1192.6 -3.6 54 0 7.3 6.9 5.0 2.5 2 0 2 5 5
6157.2 1216.4 -5.3 164 0 6.7 7.5 7.5 2.5 2 1 3 4 4
6170.8 1390.1 -4.0 26 0 5.7 8.8 7.5 2.5 4 1 3 2 2
6178.2 1404.3 -1.8 31 0 5.6 9.0 5.0 0.0 0 1 2 3 3
6182.9 1411.1 -0.8 40 0 6.0 8.9 7.5 2.5 2 1 3 4 4
6193.9 1422.4 -1.0 43 0 5.8 9.1 5.0 2.5 4 1 2 4 4
6249.9 1362.0 -1.4 158 0 40.9 32.1 15.0 0.0 0 0 6 2 2
6234.2 1388.2 -3.4 158 0 19.3 38.8 10.0 2.5 2 1 4 3 3
6183.6 1170.5 -1.5 290 0 5.3 9.1 7.5 2.5 2 1 3 5 5
6176.7 1173.8 -1.7 302 0 5.5 9.4 5.0 2.5 2 1 2 4 4
6170.2 1178.5 -1.9 307 0 5.4 9.2 2.5 2.5 2 1 1 2 2
6164.8 1183.7 -2.0 325 0 5.4 9.3 7.5 2.5 4 1 3 2 2
6152.8 1185.1 -2.2 148 0 6.5 9.2 2.5 2.5 4 1 1 5 5
6146.1 1227.2 -6.9 344 0 5.6 8.9 2.5 2.5 4 1 1 3 3
6140.1 1259.7 -7.1 352 0 6.1 9.1 2.5 0.0 0 1 1 2 2
6138.6 1269.5 -7.0 355 0 6.0 9.2 5.0 0.0 0 1 2 2 2
6138.0 1277.7 -6.9 359 0 5.8 9.1 5.0 0.0 0 1 2 2 2
6138.3 1305.2 -1.6 5 0 5.9 9.2 5.0 2.5 2 1 2 1 1
6140.5 1317.1 -1.7 11 0 6.0 8.9 7.5 2.5 2 1 3 0 0
6143.0 1326.1 -1.7 19 0 6.4 8.8 7.5 2.5 2 1 3 5 5
-1345.7 -5478.9 -2.9 286 0 12.1 4.6 5.0 2.5 2 0 2 1 1
-1353.5 -5493.2 -3.1 271 0 8.2 7.2 5.0 2.5 2 0 2 2 2
-1191.0 -5589.4 -1.1 66 0 7.4 13.0 5.0 2.5 2 1 2 0 0
-1322.3 -5533.8 -1.9 116 0 23.3 11.2 12.5 0.0 0 0 5 5 5
-1236.0 -5574.6 -0.4 151 0 7.8 16.2 5.0 2.5 2 1 2 4 4
-1352.2 -5518.3 -3.4 111 0 32.5 7.4 7.5 2.5 2 0 3 5 5
-1344.4 -5509.2 -2.7 107 0 12.5 16.2 7.5 2.5 2 1 3 1 1
-1375.3 -5509.6 -3.9 110 0 10.5 30.2 7.5 2.5 2 1 3 1 1
-1189.1 -5496.3 0.5 292 0 15.4 9.8 5.0 2.5 2 0 2 1 1
-1153.0 -5512.7 -1.0 325 0 14.8 9.1 5.0 2.5 2 0 2 5 5
-1214.0 -5492.6 0.6 281 0 17.8 7.7 2.5 2.5 2 0 1 3 3
-1240.9 -5497.0 0.4 170 0 7.1 15.0 7.5 0.0 0 1 3 2 2
-1269.4 -5491.2 -0.4 247 0 14.5 9.1 2.5 2.5 2 0 1 5 5
-1149.1 -5541.2 -1.3 103 0 8.0 15.4 5.0 2.5 2 1 2 4 4
-1253.7 -5518.3 0.2 15 0 13.9 6.8 5.0 2.5 2 0 2 4 4
-1210.6 -5520.5 0.9 103 0 6.5 12.9 5.0 2.5 2 1 2 4 4
-842.5 907.6 1.3 11 0 18.4 10.9 2.5 2.5 2 0 1 2 2
-6183.1 88.0 -7.5 242 0 7.0 9.3 5.0 2.5 2 1 2 0 0
-6200.3 86.4 -7.5 227 0 5.5 10.1 5.0 2.5 2 1 2 1 1
2661.5 -1988.5 3.6 28 0 23.1 17.1 7.5 2.5 2 0 3 2 2
2628.3 -1993.4 3.2 118 0 13.2 40.3 7.5 2.5 2 1 3 1 1
2602.1 -1979.5 2.1 118 0 11.9 20.1 7.5 2.5 2 1 3 2 2
2739.3 -2037.2 2.0 16 0 12.9 23.9 10.0 2.5 4 1 4 1 1
2711.3 -2059.7 -0.8 191 0 18.9 12.9 2.5 0.0 0 0 1 2 2
2744.7 -2064.7 -0.9 11 0 25.9 17.1 12.5 2.5 2 0 5 0 0
