638.9 -4929.9 -5.0 14 0 9.6 21.0 7.5 2.5 2 1 3 2 2
-3254.6 5582.6 -1.7 223 0 14.0 8.3 7.5 2.5 2 0 3 0 0
-3239.9 5452.3 -3.8 44 0 13.3 19.2 5.0 2.5 2 1 2 4 4
-3215.7 5466.6 -4.3 46 0 9.4 32.4 7.5 2.5 2 1 3 1 1
-3207.7 5515.8 -5.9 226 0 9.4 32.4 7.5 2.5 2 1 3 2 2
-3273.0 5495.4 -3.0 315 0 8.7 20.8 5.0 2.5 2 1 2 5 5
-3307.0 5531.1 -2.0 226 0 9.6 33.6 7.5 2.5 2 1 3 3 3
-3218.2 5554.4 -0.1 309 0 5.6 17.8 7.5 0.0 0 1 3 1 1
-3267.5 5568.2 -1.2 227 0 9.4 7.0 7.5 2.5 2 0 3 4 4
-3238.2 5585.6 -1.3 141 0 14.2 21.2 10.0 2.5 2 1 4 1 1
-3193.3 5600.8 -0.2 303 0 16.2 13.5 10.0 2.5 2 0 4 5 5
-3227.9 5665.1 -2.2 326 0 11.0 8.2 5.0 2.5 2 0 2 4 4
-3219.8 5647.9 -1.2 308 0 8.6 8.2 5.0 2.5 2 0 2 4 4
-3217.4 5538.4 -2.2 216 0 17.7 14.1 10.0 0.0 0 0 4 3 3
-3213.3 5618.9 -0.6 216 0 11.1 8.2 5.0 2.5 2 0 2 1 1
-3225.4 5673.3 -2.0 145 0 16.8 8.2 5.0 2.5 2 0 2 3 3
-3215.1 5683.2 -1.7 222 0 8.3 12.4 7.5 2.5 2 1 3 3 3
-3203.6 5708.3 -2.0 227 0 7.3 7.2 7.5 2.5 2 0 3 1 1
-3166.5 5670.1 -1.3 41 0 5.8 10.2 7.5 2.5 2 1 3 0 0
-3164.5 5776.4 -6.4 6 0 6.5 10.8 5.0 2.5 2 1 2 0 0
-3146.7 5760.3 -4.7 215 0 3.9 10.2 7.5 2.5 2 0 3 5 5
-3129.1 5774.6 -3.7 222 0 11.5 9.3 7.5 0.0 0 0 3 3 3
