3889.2 1089.8 -1.3 266 0 21.5 11.4 7.5 2.5 2 0 3 1 1
3919.7 1138.3 -1.3 239 0 13.8 19.0 5.0 2.5 2 1 2 4 4
3830.5 1022.6 -1.2 210 0 5.4 8.6 7.5 0.0 0 1 3 3 3
3905.2 1072.2 -1.3 216 0 13.8 11.6 7.5 2.5 2 0 3 1 1
3906.2 1091.1 -1.3 129 0 20.6 12.8 10.0 2.5 2 0 4 3 3
3860.7 960.3 -1.2 247 0 6.0 8.6 5.0 2.5 2 1 2 1 1
3892.5 1000.2 -1.3 228 0 5.6 9.3 2.5 2.5 2 1 1 2 2
3902.5 1019.9 -1.3 217 0 6.0 9.0 5.0 2.5 2 1 2 3 3
3914.6 1038.7 -1.3 195 0 6.5 9.5 5.0 0.0 0 1 2 1 1
3910.3 1048.2 -1.3 201 0 5.9 9.4 5.0 2.5 2 1 2 0 0
3916.6 1057.6 -1.3 286 0 9.0 6.4 2.5 2.5 2 0 1 3 3
3796.3 972.9 -1.2 331 0 6.2 8.7 2.5 2.5 2 1 1 4 4
3804.6 966.1 -1.2 331 0 5.3 9.7 5.0 2.5 2 1 2 0 0
3803.0 957.8 -1.2 322 0 5.4 9.6 5.0 2.5 2 1 2 0 0
3819.9 948.3 -1.2 275 0 5.6 9.9 7.5 2.5 2 1 3 5 5
3990.4 1040.9 -1.3 175 0 6.3 9.3 5.0 0.0 0 1 2 4 4
