-5177.7 -1013.6 -2.1 9 0 10.6 11.2 7.5 2.5 2 1 3 2 2
-5187.3 -859.3 -1.1 355 0 10.5 11.1 7.5 2.5 2 1 3 2 2
-5233.8 -1221.1 -2.5 261 0 33.3 23.1 12.5 0.0 0 0 5 0 0
-5172.2 -907.7 -1.4 349 0 10.4 11.4 5.0 2.5 2 1 2 1 1
-5186.8 -1229.5 -1.0 268 0 10.3 35.0 10.0 2.5 2 1 4 1 1
-5183.7 -872.0 -1.1 349 0 10.4 11.4 5.0 2.5 2 1 2 4 4
-5189.0 -845.8 -0.9 359 0 10.3 11.1 2.5 2.5 2 1 1 5 5
-5181.0 -1026.1 -1.9 9 0 10.6 11.2 10.0 2.5 2 1 4 3 3
-5201.5 -1541.4 -0.7 186 0 10.3 11.3 7.5 2.5 2 1 3 0 0
-5197.7 -1505.2 -0.4 186 0 10.3 11.3 5.0 2.5 4 1 2 1 1
-5194.5 -1481.3 -0.2 184 0 10.3 11.1 7.5 2.5 2 1 3 5 5
-5199.1 -1516.8 -0.5 186 0 10.3 11.3 7.5 2.5 2 1 3 5 5
-5193.1 -1406.9 -0.7 349 0 10.4 11.4 5.0 2.5 2 1 2 0 0
-5204.4 -1566.4 -0.9 186 0 10.3 11.3 5.0 0.0 0 1 2 0 0
-5200.0 -1421.1 -0.3 169 0 10.4 11.4 7.5 2.5 2 1 3 5 5
-5194.6 -1445.8 -0.0 173 0 10.8 11.4 7.5 0.0 0 1 3 4 4
-5193.6 -1469.1 -0.3 184 0 10.3 11.1 2.5 2.5 2 1 1 1 1
-5222.7 -1802.9 -1.8 185 0 10.3 10.9 10.0 2.5 4 1 4 3 3
-5219.5 -1739.5 -1.4 185 0 10.3 10.8 7.5 2.5 2 1 3 3 3
-5223.1 -1829.1 -2.3 179 0 10.8 11.4 5.0 2.5 2 1 2 3 3
-5226.1 -1902.3 -3.5 185 0 10.3 10.9 10.0 2.5 2 1 4 2 2
-5212.4 -1676.9 -1.4 186 0 10.3 11.0 5.0 0.0 0 1 2 1 1
-5223.4 -1841.1 -2.5 179 0 10.8 11.4 5.0 0.0 0 1 2 2 2
-5223.0 -1865.0 -2.9 185 0 10.3 10.9 2.5 2.5 2 1 1 2 2
-5208.0 -1615.6 -1.6 184 0 10.4 11.1 7.5 2.5 2 1 3 5 5
-5211.2 -1664.2 -1.4 186 0 10.4 11.0 7.5 2.5 2 1 3 2 2
-5220.5 -1790.5 -1.5 185 0 10.3 10.8 5.0 2.5 2 1 2 4 4
-5223.1 -1853.0 -2.7 185 0 10.3 10.9 5.0 2.5 2 1 2 4 4
-5209.0 -1627.5 -1.6 184 0 10.3 11.1 7.5 0.0 0 1 3 0 0
-5219.3 -1753.2 -1.3 179 0 10.8 11.4 5.0 0.0 0 1 2 0 0
-5146.4 -1599.2 0.0 184 0 17.0 12.9 7.5 2.5 2 0 3 1 1
-5006.9 -1257.9 2.0 110 0 13.7 26.7 7.5 2.5 2 1 3 1 1
-5132.6 -1517.9 1.1 279 0 16.3 12.5 5.0 2.5 4 0 2 4 4
-5091.1 -1202.7 1.4 0 0 31.8 17.9 7.5 0.0 0 0 3 0 0
-5099.3 -1543.3 1.8 8 0 33.4 8.6 7.5 2.5 2 0 3 5 5
-5061.3 -1640.7 -0.4 318 0 8.6 16.1 7.5 0.0 0 1 3 0 0
-5063.0 -1662.8 -0.9 318 0 8.6 16.1 5.0 0.0 0 1 2 2 2
-5150.1 -1581.2 0.8 188 0 12.4 16.3 5.0 2.5 2 1 2 3 3
-5084.9 -1713.5 -1.3 274 0 11.1 22.8 7.5 2.5 2 1 3 5 5
-5147.9 -1566.3 1.3 189 0 12.0 16.3 10.0 2.5 2 1 4 3 3
-5096.0 -1488.2 1.7 278 0 8.6 33.4 7.5 2.5 2 1 3 3 3
-5091.8 -1445.6 1.6 278 0 8.6 33.4 7.5 2.5 2 1 3 4 4
-5145.9 -1551.9 1.3 189 0 12.1 16.3 7.5 2.5 2 1 3 3 3
-5149.3 -1674.8 -1.2 180 0 52.0 14.0 10.0 2.5 2 0 4 3 3
-5087.6 -1408.1 2.9 278 0 8.6 33.4 7.5 2.5 2 1 3 2 2
-5148.0 -1618.8 -0.8 180 0 16.2 13.4 5.0 2.5 2 0 2 1 1
-5143.8 -1537.5 1.2 188 0 12.8 16.3 5.0 2.5 2 1 2 4 4
-5165.3 -1607.6 -0.7 180 0 15.6 13.3 7.5 0.0 0 0 3 0 0
-5178.3 -1974.6 -4.4 89 0 14.2 123.8 10.0 0.0 0 1 4 2 2
-5148.0 -1461.0 0.5 276 0 11.1 15.4 10.0 2.5 2 1 4 3 3
-5152.4 -1498.8 0.7 276 0 11.1 15.4 5.0 0.0 0 1 2 0 0
-5070.4 -1804.7 -0.9 40 0 13.4 36.2 7.5 0.0 0 1 3 2 2
-5164.0 -1627.0 -1.4 180 0 15.6 13.3 5.0 2.5 2 0 2 5 5
-5160.7 -1804.3 -0.9 185 0 27.2 15.5 10.0 2.5 2 0 4 5 5
-5093.6 -1949.8 -2.9 72 0 30.6 9.0 7.5 2.5 4 0 3 4 4
-5159.2 -1956.4 -2.1 88 0 9.2 30.4 7.5 2.5 4 1 3 3 3
-5174.3 -1718.3 -0.5 180 0 15.6 13.3 10.0 2.5 2 0 4 4 4
-5150.6 -1479.9 0.5 276 0 11.1 15.4 7.5 2.5 2 1 3 5 5
-5173.9 -1737.5 -0.3 180 0 15.6 13.3 2.5 2.5 2 0 1 2 2
-5177.6 -1757.8 -0.3 191 0 11.6 36.5 10.0 2.5 2 1 4 0 0
-5165.1 -1549.9 0.9 189 0 15.9 13.4 2.5 0.0 0 0 1 1 1
-5046.3 -1855.4 -0.4 64 0 14.1 36.7 12.5 2.5 2 1 5 3 3
-5166.3 -1569.4 0.9 180 0 15.6 13.3 5.0 2.5 2 0 2 4 4
-5139.4 -1938.9 -2.2 167 0 12.5 47.4 7.5 2.5 2 1 3 0 0
-5166.2 -1587.9 0.1 180 0 15.6 13.3 10.0 2.5 2 0 4 0 0
-5171.9 -1698.7 -0.7 180 0 15.6 13.3 5.0 2.5 2 0 2 1 1
-5182.6 -1787.6 -1.1 192 0 35.6 14.3 15.0 0.0 0 0 6 2 2
-5171.2 -1680.1 -0.9 180 0 15.6 13.3 2.5 2.5 2 0 1 1 1
-5017.7 -1841.6 -0.2 16 0 17.7 11.8 5.0 2.5 2 0 2 1 1
-5109.2 -1913.0 -1.2 101 0 12.6 36.1 15.0 0.0 0 1 6 2 2
-5166.1 -1658.9 -1.2 202 0 14.9 12.4 10.0 2.5 2 0 4 2 2
-5014.0 -1800.3 -0.8 355 0 16.5 11.5 2.5 2.5 2 0 1 2 2
-5186.7 -1831.6 -1.9 181 0 34.1 14.3 7.5 2.5 2 0 3 0 0
-5150.5 -1718.6 -0.5 182 0 24.6 11.6 7.5 2.5 2 0 3 0 0
-5012.5 -1822.8 -0.3 12 0 16.1 11.9 2.5 2.5 2 0 1 3 3
-5133.3 -1919.8 -1.0 101 0 12.6 36.1 7.5 2.5 2 1 3 5 5
-5031.6 -1895.5 -0.7 74 0 14.0 33.9 10.0 2.5 2 1 4 3 3
-5165.8 -1885.7 -1.9 179 0 27.7 16.1 10.0 2.5 2 0 4 1 1
-5104.9 -1976.7 -3.8 77 0 17.1 12.7 10.0 2.5 2 0 4 1 1
-5164.6 -1989.6 -6.3 358 0 10.5 16.0 5.0 2.5 2 1 2 3 3
-5047.3 -1963.5 -3.6 69 0 16.8 12.0 10.0 0.0 0 0 4 4 4
-5087.0 -1973.0 -3.9 81 0 16.8 12.2 2.5 2.5 2 0 1 5 5
-5066.4 -1968.9 -3.9 75 0 17.3 12.2 5.0 2.5 2 0 2 1 1
-5029.6 -1954.5 -3.0 58 0 16.5 12.0 7.5 2.5 2 0 3 4 4
-4972.9 -1851.2 -0.6 7 0 16.2 12.1 2.5 2.5 2 0 1 4 4
-4966.1 -1690.9 1.2 335 0 16.8 12.6 7.5 2.5 2 0 3 5 5
-4967.9 -1811.1 -0.5 355 0 16.4 12.8 5.0 0.0 0 0 2 2 2
-4971.2 -1753.6 0.9 14 0 15.9 12.1 5.0 2.5 2 0 2 0 0
-4974.5 -1869.7 -0.6 2 0 16.7 13.3 7.5 2.5 2 0 3 3 3
-4981.0 -1892.6 -0.6 28 0 16.5 12.5 5.0 2.5 2 0 2 5 5
-4975.3 -1773.1 -0.4 7 0 16.2 12.1 5.0 2.5 2 0 2 0 0
-5015.2 -1941.5 -2.1 49 0 16.9 12.0 5.0 2.5 2 0 2 3 3
-4970.2 -1831.9 -0.6 8 0 16.1 12.0 5.0 2.5 2 0 2 0 0
-4972.2 -1674.1 2.5 355 0 16.4 12.8 5.0 2.5 2 0 2 3 3
-4972.8 -1789.2 -0.6 338 0 16.8 12.9 2.5 2.5 2 0 1 0 0
-4965.8 -1735.8 0.6 17 0 16.1 12.2 5.0 2.5 4 0 2 2 2
-5045.9 -1504.6 2.0 20 0 8.0 10.6 7.5 2.5 2 1 3 4 4
-5006.1 -1410.5 -0.5 20 0 8.0 10.7 5.0 2.5 2 1 2 3 3
-5051.2 -1567.5 2.2 339 0 8.7 11.7 2.5 2.5 2 1 1 4 4
-5051.3 -1558.1 2.3 0 0 8.6 10.8 5.0 2.5 2 1 2 3 3
-5011.9 -1420.2 -1.0 20 0 8.0 10.7 7.5 2.5 2 1 3 5 5
-5020.8 -1616.8 1.7 332 0 8.9 12.0 7.5 2.5 2 1 3 5 5
-5028.8 -1462.6 -2.1 20 0 8.0 10.7 5.0 0.0 0 1 2 3 3
-5023.9 -1452.6 -2.3 20 0 8.0 10.6 2.5 2.5 4 1 1 2 2
-4997.5 -1390.4 0.5 20 0 8.0 10.6 5.0 2.5 2 1 2 0 0
-5015.4 -1625.6 1.7 322 0 8.8 11.4 5.0 2.5 2 1 2 3 3
-4994.4 -1379.2 1.2 20 0 8.0 10.6 5.0 2.5 2 1 2 0 0
-5033.7 -1596.0 1.5 332 0 8.9 12.0 5.0 2.5 2 1 2 2 2
-5053.3 -1536.1 2.3 0 0 8.6 10.8 5.0 2.5 2 1 2 1 1
-5131.0 -790.2 -0.7 69 0 8.4 11.1 5.0 2.5 2 1 2 4 4
-5029.2 -708.6 -1.4 25 0 9.0 11.3 5.0 2.5 2 1 2 3 3
-5010.8 -660.3 -2.3 21 0 9.2 11.4 5.0 2.5 2 1 2 5 5
-5006.0 -648.7 -2.3 21 0 9.2 11.4 5.0 2.5 2 1 2 2 2
-5144.1 -795.1 -0.3 72 0 8.4 11.5 7.5 2.5 2 1 3 0 0
-5045.5 -729.9 -1.1 41 0 9.0 11.0 5.0 2.5 2 1 2 3 3
-5056.5 -740.4 -1.5 45 0 8.9 10.7 7.5 2.5 2 1 3 0 0
-5036.4 -719.5 -1.2 38 0 9.1 11.2 5.0 2.5 2 1 2 1 1
-5015.2 -671.0 -2.3 21 0 9.2 11.4 7.5 2.5 4 1 3 3 3
-5001.9 -637.4 -2.4 21 0 9.2 11.4 2.5 2.5 2 1 1 4 4
-4891.9 -882.9 1.0 169 0 9.5 11.9 5.0 2.5 2 1 2 3 3
-4919.4 -759.0 2.0 181 0 9.5 11.7 7.5 2.5 2 1 3 4 4
-4904.0 -834.6 0.5 171 0 9.5 12.0 5.0 2.5 2 1 2 0 0
-4878.7 -1053.2 -0.9 203 0 9.6 12.5 2.5 2.5 4 1 1 3 3
-4928.2 -658.3 1.8 181 0 9.5 11.7 7.5 2.5 2 1 3 2 2
-4918.5 -772.8 1.5 171 0 9.5 12.0 7.5 2.5 2 1 3 5 5
-4900.8 -845.8 0.5 171 0 9.5 12.0 7.5 0.0 0 1 3 2 2
-4927.1 -684.3 2.1 181 0 9.5 11.7 5.0 2.5 2 1 2 1 1
-4863.2 -1014.0 -1.4 203 0 9.6 12.5 7.5 2.5 2 1 3 2 2
-4849.2 -948.6 0.0 193 0 9.8 12.1 7.5 0.0 0 1 3 1 1
-4894.1 -872.2 0.9 160 0 9.6 12.2 5.0 2.5 2 1 2 0 0
-4848.3 -935.4 0.4 181 0 9.5 11.7 7.5 2.5 2 1 3 4 4
-4902.0 -1118.3 0.6 203 0 9.6 12.5 5.0 2.5 2 1 2 5 5
-4926.3 -696.6 2.3 181 0 9.5 11.7 7.5 0.0 0 1 3 0 0
-5818.2 -3239.3 -2.1 19 0 12.2 11.3 5.0 2.5 4 0 2 4 4
-5822.9 -3049.0 -5.4 294 0 11.0 34.2 10.0 2.5 4 1 4 4 4
-5828.0 -3104.8 -4.7 24 0 17.4 10.4 10.0 2.5 2 0 4 1 1
-5821.2 -3265.6 -1.0 207 0 17.3 11.8 7.5 2.5 2 0 3 2 2
-5866.3 -3075.6 -8.3 203 0 9.3 9.5 5.0 2.5 4 1 2 2 2
-5853.8 -3317.5 -8.2 297 0 36.8 10.4 12.5 2.5 2 0 5 5 5
-5861.3 -3162.8 -8.5 26 0 22.6 10.5 5.0 2.5 2 0 2 5 5
-4140.9 1168.2 1.7 180 0 14.9 26.9 10.0 2.5 4 1 4 1 1
-4111.0 1049.9 -0.4 32 0 12.1 19.0 2.5 0.0 0 1 1 1 1
-3999.9 3087.9 -5.3 176 0 48.1 41.2 12.5 0.0 0 0 5 0 0
-3958.2 2486.2 -4.8 178 0 13.7 14.9 5.0 2.5 2 1 2 1 1
-3911.4 2461.9 -5.4 1 0 21.4 16.9 10.0 2.5 2 0 4 2 2
-3949.9 2703.2 -4.6 85 0 7.3 16.8 7.5 2.5 2 1 3 1 1
-3932.4 2728.2 -5.2 85 0 22.6 19.7 7.5 2.5 2 0 3 1 1
-3949.5 2764.9 -5.2 177 0 29.2 26.9 7.5 0.0 0 0 3 4 4
-4149.4 1569.1 0.8 355 0 4.7 10.8 5.0 2.5 2 1 2 1 1
-4217.7 1465.9 -0.8 350 0 5.6 10.7 5.0 2.5 2 1 2 5 5
-4225.3 1454.2 -0.7 168 0 7.7 11.9 7.5 2.5 4 1 3 0 0
-4223.9 1443.3 -0.6 167 0 9.8 13.5 5.0 2.5 2 1 2 1 1
-4224.5 1497.5 -0.9 355 0 5.4 11.1 7.5 2.5 2 1 3 5 5
-4243.4 1619.2 -1.5 349 0 5.4 11.1 5.0 2.5 2 1 2 3 3
