-4936.2 -4130.6 -9.4 2 0 9.5 8.6 7.5 2.5 2 0 3 0 0
6640.8 -4130.6 -9.3 137 0 56.2 10.3 7.5 2.5 2 0 3 2 2
6601.6 -4058.0 -10.8 316 0 19.4 9.6 7.5 2.5 2 0 3 2 2
-1274.2 -2921.8 -0.5 211 0 18.2 12.8 2.5 2.5 2 0 1 1 1
-1283.7 -2948.4 -0.8 215 0 11.7 27.5 7.5 2.5 2 1 3 3 3
-1282.6 -2990.6 -1.0 124 0 40.8 14.2 7.5 2.5 2 0 3 4 4
-1244.2 -2972.3 -0.9 33 0 41.5 14.4 10.0 2.5 2 0 4 4 4
-1763.5 -3917.4 2.4 124 0 10.1 30.4 15.0 0.0 0 1 6 5 5
-1836.9 -4001.0 1.7 125 0 12.0 19.5 7.5 2.5 2 1 3 2 2
-1850.9 -3932.1 -0.8 173 0 11.4 12.2 7.5 2.5 2 1 3 3 3
-1865.6 -3949.6 -0.1 156 0 10.0 11.9 5.0 2.5 2 1 2 3 3
-1843.6 -3910.0 -1.6 222 0 10.8 7.0 7.5 2.5 2 0 3 3 3
-4903.2 2085.4 0.7 108 0 9.1 11.9 5.0 2.5 2 1 2 5 5
-4819.8 2108.6 -1.5 113 0 5.9 12.6 7.5 0.0 0 1 3 1 1
-4821.1 2039.3 1.7 185 0 6.9 7.8 5.0 2.5 2 1 2 4 4
-4799.8 1923.1 -3.3 98 0 9.0 10.7 7.5 2.5 2 1 3 3 3
-4827.4 1945.4 -2.2 187 0 13.2 15.2 7.5 2.5 2 1 3 5 5
-4905.3 1984.5 2.5 96 0 10.4 11.5 10.0 2.5 2 1 4 1 1
-4900.4 1929.0 0.7 0 0 13.6 5.3 2.5 2.5 2 0 1 5 5
-4891.7 1960.8 2.6 95 0 6.8 11.2 7.5 0.0 0 1 3 0 0
-4954.4 1894.4 -2.0 94 0 5.3 11.5 2.5 2.5 2 1 1 2 2
-4940.6 1884.3 -4.3 275 0 10.2 14.2 10.0 2.5 4 1 4 4 4
-4951.4 1883.7 -5.6 274 0 9.0 28.8 7.5 2.5 2 1 3 5 5
-4889.5 1913.2 -2.2 273 0 9.5 9.1 5.0 2.5 2 0 2 5 5
-4848.4 1911.1 -4.5 277 0 10.0 12.5 7.5 2.5 2 1 3 4 4
-4845.4 1944.2 -2.4 275 0 16.3 16.8 10.0 2.5 2 1 4 2 2
-4778.8 1965.7 -0.2 274 0 6.8 14.9 5.0 2.5 2 1 2 0 0
-4779.7 1934.9 -1.8 95 0 11.1 13.3 10.0 2.5 2 1 4 1 1
-4829.7 1962.0 -0.7 185 0 12.9 11.6 5.0 0.0 0 0 2 5 5
-4816.5 1978.2 0.5 276 0 20.6 10.2 2.5 2.5 2 0 1 2 2
-5000.1 1962.3 1.9 7 0 18.3 14.7 7.5 2.5 2 0 3 1 1
-4998.5 1980.7 1.8 8 0 10.7 10.9 5.0 2.5 2 1 2 1 1
-4996.9 1992.1 1.7 7 0 9.3 11.5 5.0 2.5 2 1 2 1 1
-5051.3 2045.8 0.5 107 0 13.1 11.5 7.5 0.0 0 0 3 0 0
-5148.1 1954.4 3.6 280 0 7.1 10.1 5.0 0.0 0 1 2 0 0
-5116.5 1842.6 -0.6 96 0 13.0 12.0 7.5 2.5 2 0 3 1 1
-5175.1 1858.8 -0.4 276 0 12.2 10.9 5.0 2.5 4 0 2 3 3
-5136.5 1858.5 0.1 271 0 10.5 16.7 5.0 0.0 0 1 2 4 4
-5117.5 1890.9 1.6 276 0 8.9 11.4 5.0 0.0 0 1 2 0 0
-5105.5 1913.8 1.9 99 0 11.1 13.4 5.0 2.5 2 1 2 3 3
-5129.3 1912.0 2.3 278 0 9.8 14.6 5.0 2.5 2 1 2 3 3
-5180.1 2067.2 3.7 108 0 8.6 24.4 5.0 2.5 2 1 2 5 5
-4952.4 2093.0 0.7 285 0 10.9 35.2 10.0 0.0 0 1 4 4 4
-4991.4 2107.8 -0.2 102 0 10.3 12.4 5.0 2.5 2 1 2 1 1
-4849.1 2115.8 -1.1 107 0 5.4 11.6 5.0 2.5 2 1 2 5 5
-4843.3 2114.0 -1.1 107 0 4.7 11.6 5.0 2.5 2 1 2 5 5
-4836.6 2044.1 1.5 25 0 10.6 13.6 2.5 2.5 2 1 1 3 3
-4880.6 2029.7 2.6 284 0 11.6 12.0 7.5 2.5 2 1 3 3 3
-4946.8 1961.6 1.5 282 0 8.9 26.4 5.0 0.0 0 1 2 3 3
-4984.0 1854.5 -6.0 32 0 11.7 16.7 7.5 2.5 2 1 3 1 1
-5055.7 1893.2 -1.0 100 0 11.2 34.5 10.0 2.5 2 1 4 1 1
-5019.6 1927.4 -1.1 276 0 10.4 17.7 10.0 2.5 2 1 4 5 5
-5025.5 1886.0 -3.2 95 0 17.3 10.9 2.5 2.5 2 0 1 5 5
-5062.8 1845.8 -1.8 91 0 10.9 16.3 5.0 2.5 2 1 2 0 0
-5036.3 1842.8 -3.6 96 0 8.9 25.2 7.5 2.5 2 1 3 0 0
