-6040.7 3949.8 -5.3 57 0 22.3 22.8 7.5 2.5 2 1 3 5 5
-6097.1 4013.1 -4.9 246 0 21.7 18.2 7.5 2.5 2 0 3 3 3
-6067.8 3967.8 -5.2 81 0 25.1 33.7 12.5 0.0 0 1 5 4 4
-6122.7 4078.9 -5.1 115 0 16.3 23.2 10.0 2.5 2 1 4 0 0
-6098.0 3914.2 -4.0 246 0 34.7 15.9 10.0 2.5 2 0 4 3 3
-6132.1 3906.8 -2.8 258 0 34.7 16.2 7.5 2.5 2 0 3 3 3
-6203.2 3894.3 -4.1 274 0 6.4 27.3 2.5 2.5 2 1 1 4 4
-6165.1 3907.2 -2.4 265 0 27.3 14.7 10.0 2.5 2 0 4 3 3
-5987.5 4052.9 -4.3 141 0 21.3 11.2 5.0 2.5 2 0 2 4 4
-6084.3 4072.3 -4.6 92 0 7.6 16.4 5.0 2.5 2 1 2 2 2
-6097.4 4075.4 -4.5 100 0 6.9 15.6 5.0 2.5 2 1 2 4 4
-6047.1 3933.0 -5.8 329 0 18.2 33.7 12.5 0.0 0 1 5 0 0
-6016.2 4073.4 -4.1 96 0 22.6 15.5 5.0 2.5 2 0 2 5 5
-6074.3 4078.3 -4.8 88 0 7.1 15.8 5.0 2.5 2 1 2 5 5
