-4019.5 1974.5 -0.3 86 0 11.6 22.9 5.0 2.5 2 1 2 0 0
-4108.2 1965.4 -2.0 193 0 9.9 9.8 7.5 2.5 2 0 3 5 5
-4019.3 1932.2 -0.1 10 0 11.6 13.1 7.5 2.5 2 1 3 5 5
-4052.9 1995.9 -1.2 213 0 10.3 7.3 5.0 2.5 2 0 2 4 4
-4059.4 1981.1 -1.3 282 0 11.3 19.3 5.0 2.5 2 1 2 2 2
-4009.7 1889.2 0.2 15 0 6.2 9.1 7.5 2.5 2 1 3 3 3
-4106.4 1796.9 -1.1 103 0 8.6 10.1 5.0 2.5 4 1 2 5 5
-4069.6 1781.8 -1.8 12 0 10.9 7.4 7.5 2.5 4 0 3 0 0
-4108.8 1784.8 -1.4 103 0 9.4 10.8 7.5 2.5 4 1 3 0 0
-3990.0 2138.0 1.1 283 0 6.4 8.6 2.5 0.0 0 1 1 3 3
-3955.3 2080.5 -1.5 11 0 9.5 7.8 5.0 2.5 2 0 2 3 3
-4096.0 2067.8 -2.6 187 0 8.7 7.6 7.5 2.5 2 0 3 3 3
-4007.6 2097.3 -0.5 282 0 7.0 8.5 7.5 2.5 4 1 3 5 5
-4094.5 2141.6 -2.1 191 0 8.7 9.7 7.5 2.5 2 1 3 0 0
-3962.2 2051.7 -1.0 11 0 12.3 8.8 2.5 2.5 2 0 1 3 3
-3971.3 2019.6 -0.2 12 0 8.1 7.4 7.5 2.5 2 0 3 5 5
-4065.7 2103.3 -0.8 198 0 8.6 9.0 5.0 2.5 2 1 2 3 3
2202.6 2827.3 0.7 198 0 9.2 7.3 7.5 2.5 4 0 3 0 0
2262.8 2594.1 3.2 90 0 10.1 21.6 5.0 2.5 2 1 2 0 0
2196.9 2556.8 1.5 99 0 13.6 13.9 2.5 2.5 2 1 1 2 2
2243.7 2593.5 2.4 89 0 10.9 21.7 7.5 2.5 4 1 3 4 4
2214.7 2762.4 0.6 179 0 11.3 8.5 7.5 2.5 2 0 3 1 1
2207.5 2625.3 1.0 280 0 9.9 26.8 7.5 0.0 0 1 3 0 0
2250.3 2816.5 1.4 107 0 9.6 19.5 7.5 2.5 2 1 3 1 1
2266.2 2913.5 1.3 200 0 9.1 6.9 5.0 2.5 2 0 2 2 2
2324.5 2919.7 2.5 11 0 11.6 8.8 5.0 2.5 2 0 2 4 4
2248.3 2968.6 -0.6 192 0 8.3 15.3 7.5 0.0 0 1 3 5 5
2214.8 2852.1 1.5 195 0 11.4 18.3 7.5 2.5 4 1 3 4 4
2208.5 2733.5 1.6 132 0 8.4 9.9 5.0 0.0 0 1 2 4 4
2244.8 2942.3 0.1 198 0 10.0 10.0 7.5 2.5 2 0 3 5 5
2268.4 3031.9 1.1 105 0 9.8 12.2 5.0 2.5 4 1 2 2 2
2254.6 2702.8 3.7 101 0 9.2 10.0 5.0 0.0 0 1 2 3 3
2241.6 2777.8 0.5 277 0 9.6 14.4 5.0 2.5 2 1 2 4 4
2262.1 2845.9 2.1 12 0 8.4 7.7 5.0 2.5 2 0 2 4 4
2225.1 2867.9 1.8 194 0 22.4 9.2 5.0 2.5 2 0 2 2 2
2212.7 2811.1 0.6 187 0 8.4 10.6 7.5 2.5 2 1 3 3 3
2204.8 2800.7 0.2 196 0 6.9 17.0 5.0 2.5 2 1 2 4 4
2340.5 2760.9 2.7 214 0 13.1 16.0 7.5 2.5 2 1 3 4 4
2391.0 2797.0 3.0 193 0 12.4 7.7 7.5 2.5 2 0 3 3 3
2400.2 2926.5 1.8 283 0 14.3 17.8 7.5 2.5 2 1 3 0 0
2359.8 2913.8 2.4 191 0 22.7 14.9 12.5 2.5 2 0 5 5 5
2344.7 3051.7 3.2 278 0 7.3 9.9 2.5 0.0 0 1 1 0 0
2401.5 2896.1 3.1 14 0 10.8 7.4 5.0 0.0 0 0 2 5 5
2399.8 2750.0 2.4 194 0 5.9 11.8 5.0 0.0 0 1 2 5 5
2429.1 2772.3 2.9 12 0 11.5 11.3 5.0 2.5 2 0 2 4 4
2414.6 2720.7 2.1 100 0 10.0 17.6 7.5 2.5 2 1 3 5 5
2324.5 3020.0 2.5 100 0 14.1 11.9 10.0 2.5 2 0 4 1 1
2417.3 2876.3 4.0 16 0 8.2 10.8 2.5 2.5 2 1 1 3 3
2405.8 3004.4 1.9 99 0 8.6 9.0 7.5 2.5 2 1 3 3 3
4121.6 -1207.2 -5.3 15 0 10.5 10.7 2.5 2.5 2 1 1 1 1
4137.2 -1215.8 -4.2 15 0 18.3 10.5 5.0 2.5 2 0 2 3 3
4107.5 -1182.3 -4.8 286 0 10.2 10.7 5.0 2.5 2 1 2 2 2
4056.6 -1483.7 -4.7 104 0 9.9 29.2 7.5 2.5 2 1 3 3 3
4042.2 -1285.7 -0.2 196 0 8.2 7.4 7.5 2.5 2 0 3 3 3
4063.9 -1335.3 1.7 195 0 9.9 7.3 7.5 2.5 4 0 3 3 3
4113.0 -1162.1 -6.8 284 0 10.5 11.0 5.0 2.5 2 1 2 5 5
4129.6 -1253.2 0.4 16 0 12.2 11.2 2.5 2.5 2 0 1 0 0
4059.0 -1208.2 -1.8 194 0 12.8 9.9 7.5 2.5 2 0 3 2 2
4057.3 -1222.7 -0.8 196 0 13.1 7.9 5.0 2.5 2 0 2 3 3
4100.5 -1408.0 -5.9 14 0 16.4 8.8 2.5 2.5 2 0 1 2 2
4086.9 -1483.7 -6.3 104 0 10.8 20.5 5.0 2.5 4 1 2 5 5
4045.3 -1276.0 -0.0 195 0 8.5 6.9 7.5 2.5 2 0 3 2 2
4034.0 -1369.2 -3.4 194 0 14.5 10.1 2.5 2.5 2 0 1 2 2
4120.8 -1288.5 2.1 16 0 10.7 8.7 5.0 2.5 2 0 2 1 1
4117.6 -1354.3 -0.4 16 0 15.0 9.9 5.0 2.5 2 0 2 5 5
4112.6 -1244.0 0.2 15 0 5.0 11.0 2.5 2.5 2 1 1 3 3
4053.2 -1239.2 -0.2 194 0 14.0 7.1 2.5 2.5 2 0 1 0 0
4047.3 -1308.1 0.4 196 0 11.2 18.1 7.5 2.5 2 1 3 0 0
4082.1 -1419.9 -5.1 14 0 10.5 9.1 5.0 2.5 4 0 2 0 0
4096.4 -1359.9 1.5 14 0 3.9 15.7 7.5 2.5 2 0 3 0 0
-3990.9 2198.9 3.0 7 0 14.0 23.3 12.5 2.5 2 1 5 3 3
-3987.8 2225.7 3.7 11 0 15.5 13.2 7.5 2.5 2 0 3 0 0
-4062.8 1825.9 -1.0 99 0 4.8 10.5 2.5 2.5 2 1 1 5 5
-3998.7 1827.3 -2.0 14 0 6.9 9.1 2.5 2.5 4 1 1 5 5
-4014.7 1863.2 0.1 13 0 11.1 10.0 7.5 2.5 2 0 3 2 2
-4082.9 1916.8 -0.2 201 0 10.5 8.7 5.0 2.5 2 0 2 1 1
6093.1 3909.9 -6.8 184 0 17.4 14.4 2.5 2.5 2 0 1 4 4
5995.6 3502.9 -2.5 204 0 13.0 9.1 5.0 2.5 2 0 2 0 0
6101.7 3197.1 -2.4 108 0 5.9 16.4 7.5 2.5 4 1 3 4 4
6135.2 3326.7 -3.7 23 0 11.7 7.1 2.5 2.5 2 0 1 4 4
6123.3 3304.6 -3.5 22 0 12.4 8.7 5.0 2.5 2 0 2 4 4
6138.7 3357.8 -3.9 111 0 16.9 16.4 12.5 2.5 2 0 5 2 2
6192.3 3572.4 -4.6 298 0 10.9 4.9 5.0 2.5 2 0 2 5 5
6186.6 3526.2 -7.5 21 0 8.8 14.7 5.0 2.5 4 1 2 0 0
6192.0 3548.0 -7.6 17 0 8.7 10.1 7.5 0.0 0 1 3 3 3
6211.9 3528.3 -8.3 20 0 13.9 10.2 5.0 0.0 0 0 2 2 2
6234.0 3460.6 -9.2 21 0 11.2 9.0 7.5 2.5 2 0 3 5 5
6226.8 3435.3 -8.2 18 0 9.5 9.0 7.5 2.5 2 0 3 3 3
6225.2 3416.6 -8.1 23 0 16.6 12.8 10.0 2.5 2 0 4 5 5
6227.9 3489.8 -8.8 21 0 8.5 12.2 7.5 2.5 2 1 3 0 0
6212.7 3393.6 -7.6 18 0 13.0 7.9 7.5 0.0 0 0 3 2 2
6209.0 3463.1 -8.4 16 0 9.1 14.3 5.0 2.5 2 1 2 4 4
6193.5 3398.3 -6.3 23 0 11.1 13.1 2.5 2.5 2 1 1 2 2
6025.8 3550.6 -2.1 202 0 13.6 9.8 7.5 2.5 4 0 3 2 2
6134.5 3791.8 -3.9 181 0 8.8 8.9 5.0 2.5 2 1 2 0 0
6073.1 3858.2 -4.2 185 0 10.2 9.1 5.0 2.5 2 0 2 4 4
6075.7 3889.1 -4.4 183 0 9.2 10.7 7.5 0.0 0 1 3 4 4
6130.5 3892.9 -4.5 274 0 12.8 13.1 5.0 2.5 4 1 2 1 1
6169.2 3810.2 -2.6 4 0 14.0 14.2 5.0 2.5 4 1 2 1 1
6131.8 3809.2 -4.3 3 0 11.6 13.1 5.0 2.5 4 1 2 5 5
6109.9 3788.8 -5.5 93 0 9.5 26.4 7.5 2.5 2 1 3 3 3
6066.4 3717.7 -2.8 124 0 11.4 18.4 5.0 2.5 2 1 2 1 1
6023.4 3373.2 -4.2 204 0 11.9 12.0 7.5 0.0 0 1 3 0 0
6051.5 3473.3 -3.4 119 0 9.2 12.0 2.5 2.5 4 1 1 2 2
6048.7 3447.1 -2.4 109 0 13.3 9.5 5.0 2.5 2 0 2 4 4
6049.2 3428.2 -1.9 105 0 12.1 10.6 5.0 2.5 2 0 2 2 2
6166.9 3593.8 -1.7 297 0 11.2 11.7 7.5 2.5 2 1 3 0 0
6156.4 3607.7 -2.0 295 0 11.0 8.5 7.5 2.5 4 0 3 2 2
6163.4 3549.1 -6.8 287 0 10.9 17.4 2.5 0.0 0 1 1 4 4
6217.9 3570.1 -6.1 28 0 18.2 20.4 10.0 2.5 2 1 4 1 1
6084.7 3474.9 -4.9 122 0 23.0 17.5 7.5 2.5 2 0 3 3 3
6182.3 3370.2 -6.0 21 0 22.3 14.2 10.0 2.5 2 0 4 4 4
6180.1 3352.1 -6.3 24 0 9.3 26.3 7.5 2.5 2 1 3 4 4
6184.7 3338.4 -6.9 21 0 14.7 29.2 12.5 2.5 2 1 5 4 4
6103.2 3307.4 -1.7 22 0 21.5 11.1 5.0 2.5 2 0 2 5 5
6072.2 3298.8 -0.4 111 0 10.5 29.7 10.0 2.5 2 1 4 5 5
6055.6 3258.6 -1.2 112 0 12.1 40.3 10.0 2.5 2 1 4 4 4
6121.1 3128.8 -5.5 115 0 10.5 23.6 7.5 2.5 2 1 3 0 0
6142.8 3165.5 -4.1 24 0 20.4 37.4 10.0 0.0 0 1 4 4 4
6152.3 3188.8 -3.4 19 0 17.1 37.8 17.5 0.0 0 1 7 5 5
6159.3 3205.3 -3.0 20 0 17.5 39.3 12.5 2.5 4 1 5 5 5
6107.7 3277.2 -1.0 291 0 13.5 31.5 10.0 2.5 2 1 4 2 2
6167.2 3159.9 -4.4 108 0 7.2 19.4 7.5 2.5 4 1 3 0 0
