721.4 -5426.9 -3.2 301 0 10.7 30.3 14.0 3.5 2 1 4 1 1
635.8 -5369.0 -3.0 305 0 5.4 11.1 10.5 3.5 2 1 3 0 0
647.6 -5384.9 -3.1 33 0 13.6 10.0 10.5 3.5 2 0 3 0 0
652.5 -5387.9 -3.2 215 0 13.3 12.0 14.0 3.5 2 0 4 5 5
676.5 -5383.8 -3.4 118 0 11.8 5.1 10.5 3.5 2 0 3 3 3
659.3 -5275.0 -2.1 303 0 11.0 18.6 10.5 3.5 2 1 3 2 2
664.3 -5270.1 -1.3 123 0 14.8 14.0 14.0 3.5 2 0 4 3 3
762.1 -5383.6 -3.3 33 0 37.8 9.5 10.5 3.5 2 0 3 3 3
718.3 -5240.9 0.3 214 0 10.6 21.4 14.0 3.5 2 1 4 3 3
698.2 -5250.6 -0.7 222 0 26.1 11.9 14.0 3.5 2 0 4 5 5
719.9 -5295.4 -1.4 133 0 11.7 33.0 14.0 3.5 2 1 4 0 0
740.9 -5343.5 -3.6 307 0 20.0 19.6 14.0 3.5 2 0 4 5 5
639.6 -5342.3 -3.4 211 0 15.4 27.2 14.0 3.5 2 1 4 5 5
692.0 -5321.5 -2.9 34 0 12.5 21.6 10.5 3.5 2 1 3 5 5
-154.6 -1239.0 4.6 183 0 11.0 10.0 7.5 2.5 2 0 3 0 0
-241.5 -1210.5 -3.3 196 0 10.5 24.4 10.0 2.5 2 1 4 0 0
-165.2 -1136.3 4.8 12 0 10.5 22.1 5.0 2.5 4 1 2 3 3
-204.6 -1067.4 3.9 5 0 22.2 14.5 7.5 2.5 2 0 3 5 5
-1614.8 2777.5 0.4 262 0 12.1 9.0 5.0 2.5 2 0 2 2 2
-1724.7 3092.4 1.8 95 0 10.9 10.6 10.0 2.5 2 0 4 0 0
-1651.9 2823.7 -2.6 172 0 12.4 16.6 5.0 2.5 2 1 2 1 1
-1799.1 2981.5 1.5 275 0 6.7 11.4 7.5 2.5 2 1 3 1 1
-1776.5 3043.1 0.3 219 0 10.0 8.5 7.5 2.5 2 0 3 1 1
-1857.2 3141.5 1.1 279 0 13.7 8.3 7.5 2.5 2 0 3 4 4
-1975.2 3189.2 -3.9 94 0 9.6 13.6 5.0 2.5 2 1 2 3 3
-1950.8 3229.6 -1.7 6 0 12.9 13.2 10.0 2.5 2 1 4 1 1
-1924.3 3264.1 -4.0 7 0 31.2 12.9 12.5 2.5 2 0 5 3 3
-1929.0 3216.1 -0.7 5 0 23.9 11.5 12.5 2.5 2 0 5 1 1
-1973.0 3160.4 -5.9 5 0 21.6 12.6 10.0 2.5 2 0 4 2 2
