6018.3 2330.9 1.1 1 0 42.9 28.8 5.0 0.0 0 0 2 2 2
3734.6 1835.2 -3.7 147 0 25.3 8.7 7.5 2.5 2 0 3 1 1
3804.9 1775.8 -6.3 336 0 12.0 23.5 10.0 2.5 2 1 4 2 2
3705.5 1886.9 -4.4 235 0 17.7 10.3 7.5 2.5 2 0 3 3 3
3711.6 1878.5 -4.1 235 0 17.8 15.9 7.5 2.5 4 0 3 1 1
3783.6 1691.2 -3.6 153 0 10.5 8.6 7.5 2.5 2 0 3 5 5
3779.2 1700.2 -3.8 155 0 9.4 8.6 7.5 0.0 0 0 3 5 5
3789.4 1671.6 -3.9 157 0 9.1 12.2 7.5 2.5 2 1 3 2 2
3788.1 1681.7 -3.5 156 0 10.4 9.2 5.0 2.5 2 0 2 3 3
3717.4 1854.6 -3.8 145 0 14.1 17.9 7.5 2.5 2 0 3 2 2
5949.1 2318.7 1.5 359 0 14.3 18.7 7.5 2.5 2 1 3 0 0
5982.0 2188.5 -3.1 1 0 12.5 22.7 10.0 2.5 2 1 4 0 0
5974.9 2378.2 1.5 182 0 13.1 15.7 2.5 2.5 2 1 1 3 3
5980.6 2311.7 1.2 91 0 15.1 58.0 10.0 2.5 2 1 4 4 4
6019.8 2360.1 1.4 2 0 11.9 27.4 15.0 0.0 0 1 6 4 4
5911.4 2066.8 -6.3 212 0 12.3 18.5 2.5 0.0 0 1 1 0 0
5916.2 2038.6 -6.2 33 0 24.1 18.7 10.0 2.5 2 0 4 0 0
5918.5 2209.2 -3.7 180 0 10.6 22.1 5.0 0.0 0 1 2 4 4
5984.3 2261.7 -0.2 0 0 17.1 13.5 5.0 2.5 2 0 2 1 1
5967.6 2262.8 -1.0 360 0 17.6 16.6 5.0 2.5 2 0 2 4 4
5947.6 2356.6 1.7 271 0 26.4 15.6 10.0 2.5 2 0 4 2 2
5920.0 2255.6 -2.5 181 0 30.5 19.9 12.5 0.0 0 0 5 1 1
5941.0 2289.8 -0.6 2 0 26.1 20.2 12.5 2.5 2 0 5 2 2
5902.3 2289.5 -0.1 180 0 22.1 9.2 5.0 2.5 2 0 2 0 0
5896.3 2313.0 1.7 181 0 14.6 7.6 5.0 2.5 2 0 2 1 1
5886.5 2290.0 -1.0 181 0 32.2 8.8 7.5 2.5 2 0 3 2 2
5880.9 2314.5 0.8 179 0 14.6 9.9 5.0 2.5 2 0 2 2 2
3653.6 1950.0 -5.4 172 0 9.2 11.0 2.5 0.0 0 1 1 1 1
3645.3 1990.4 -5.4 167 0 8.0 8.4 7.5 2.5 2 1 3 3 3
3705.4 1955.9 -4.9 51 0 16.2 31.5 7.5 0.0 0 1 3 4 4
3757.7 1803.2 -4.7 156 0 15.3 9.7 7.5 2.5 2 0 3 5 5
3773.8 1712.4 -4.6 156 0 9.8 8.3 7.5 2.5 4 0 3 2 2
