1292.9 -5005.4 -5.9 135 0 18.4 31.4 14.0 3.5 2 1 4 1 1
1284.1 -4991.9 -5.8 133 0 9.5 29.3 10.5 3.5 2 0 3 4 4
1276.1 -4984.4 -6.5 133 0 12.6 32.7 14.0 3.5 2 0 4 0 0
1538.1 -4489.3 -7.5 160 0 19.1 11.4 14.0 0.0 0 0 4 4 4
1573.5 -4529.0 -3.6 72 0 8.3 11.4 10.5 3.5 2 1 3 4 4
1607.8 -4516.6 -1.8 67 0 10.7 31.2 14.0 3.5 2 1 4 4 4
1514.7 -4605.7 -2.1 205 0 13.1 16.2 14.0 3.5 2 1 4 2 2
1399.9 -4830.2 1.6 23 0 37.6 19.3 14.0 0.0 0 0 4 5 5
1675.6 -5180.6 0.7 29 0 17.6 21.1 14.0 3.5 2 1 4 0 0
1940.4 -4559.4 0.8 118 0 11.6 10.3 14.0 3.5 2 0 4 3 3
1958.6 -4511.6 0.9 207 0 10.5 11.6 14.0 3.5 2 1 4 2 2
1966.4 -4556.2 0.4 117 0 11.6 10.7 14.0 3.5 2 0 4 5 5
1985.7 -4519.8 0.7 297 0 11.6 10.5 14.0 3.5 2 0 4 3 3
2022.4 -4601.7 -0.5 114 0 12.9 10.3 14.0 3.5 2 0 4 5 5
2029.0 -4588.6 -0.4 116 0 12.0 10.7 14.0 3.5 2 0 4 0 0
2041.1 -4612.2 -0.7 117 0 12.5 10.3 14.0 3.5 4 0 4 2 2
2048.9 -4598.1 -0.6 117 0 11.9 10.0 14.0 3.5 2 0 4 4 4
2055.7 -4584.8 -0.4 116 0 12.1 10.1 14.0 3.5 2 0 4 2 2
2067.2 -4561.6 -0.2 296 0 11.8 10.6 14.0 0.0 0 0 4 2 2
2105.3 -4629.3 0.2 117 0 11.8 10.8 14.0 3.5 2 0 4 0 0
2119.8 -4613.6 0.2 27 0 10.3 11.4 14.0 3.5 2 1 4 4 4
1871.8 -4875.8 0.4 207 0 22.8 14.9 14.0 3.5 4 0 4 4 4
1990.8 -4903.8 1.4 207 0 10.6 11.6 14.0 3.5 2 1 4 1 1
2004.2 -4911.5 1.4 207 0 10.1 11.3 14.0 3.5 2 1 4 1 1
2027.9 -4923.8 1.3 28 0 10.6 12.1 14.0 3.5 2 1 4 5 5
2041.9 -4931.1 1.5 27 0 10.6 11.6 14.0 0.0 0 1 4 3 3
1950.8 -4976.7 -1.3 208 0 10.8 11.5 14.0 3.5 2 1 4 1 1
1965.6 -4984.5 -1.3 208 0 11.5 10.8 14.0 3.5 2 0 4 0 0
1988.8 -4996.5 -1.1 28 0 11.5 11.2 14.0 3.5 2 0 4 2 2
1943.1 -5004.4 -2.1 118 0 11.6 11.5 14.0 3.5 4 0 4 4 4
1970.4 -5019.1 -1.7 119 0 10.9 11.6 14.0 3.5 4 1 4 2 2
2002.1 -5003.6 -0.9 26 0 11.7 11.0 14.0 3.5 2 0 4 0 0
1984.5 -5025.1 -1.5 118 0 12.0 10.8 14.0 3.5 2 0 4 2 2
1988.6 -5050.7 -1.3 297 0 11.8 10.8 14.0 3.5 2 0 4 4 4
1991.8 -5077.2 -1.1 297 0 12.0 10.6 14.0 3.5 2 0 4 1 1
2016.2 -5064.3 -0.9 297 0 11.3 11.4 14.0 0.0 0 1 4 3 3
1937.4 -5152.2 -0.9 207 0 10.4 11.7 14.0 0.0 0 1 4 4 4
1971.9 -5145.7 -0.7 27 0 10.5 11.7 14.0 3.5 2 1 4 4 4
1962.1 -5165.0 -0.7 27 0 10.1 11.8 14.0 3.5 2 1 4 4 4
1975.6 -5171.8 -0.5 26 0 10.0 11.9 14.0 3.5 2 1 4 5 5
1985.4 -5152.9 -0.6 27 0 10.4 12.1 14.0 0.0 0 1 4 5 5
1989.4 -5179.3 -0.3 27 0 10.7 11.9 14.0 3.5 2 1 4 4 4
1999.6 -5160.2 -0.4 27 0 10.8 12.5 14.0 3.5 2 1 4 0 0
1896.0 -5084.8 -1.9 210 0 10.6 12.0 14.0 3.5 2 1 4 4 4
1888.9 -5097.7 -1.8 209 0 10.2 11.5 14.0 3.5 2 1 4 5 5
1904.2 -5140.5 -1.4 28 0 10.2 11.2 14.0 3.5 2 1 4 5 5
1910.9 -5128.1 -1.5 27 0 10.4 12.0 14.0 3.5 2 1 4 2 2
1918.7 -5114.1 -1.5 27 0 10.2 11.7 14.0 3.5 4 1 4 0 0
1875.7 -5218.2 -1.8 207 0 11.2 12.2 14.0 3.5 2 1 4 1 1
1889.8 -5225.4 -1.8 207 0 11.2 11.9 14.0 3.5 2 1 4 2 2
1903.2 -5232.7 -1.6 208 0 10.8 11.6 14.0 3.5 2 1 4 5 5
1913.4 -5213.7 -1.1 207 0 10.0 12.0 14.0 3.5 2 1 4 2 2
1927.5 -5245.8 -1.5 27 0 10.5 11.8 14.0 3.5 2 1 4 2 2
1938.1 -5226.7 -1.0 26 0 11.0 12.5 14.0 0.0 0 1 4 2 2
1907.1 -5317.7 -2.2 118 0 12.2 10.9 14.0 3.5 2 0 4 0 0
1914.4 -5304.3 -2.1 117 0 12.2 10.6 14.0 3.5 2 0 4 1 1
1929.2 -5288.5 -1.8 26 0 10.6 12.3 14.0 3.5 2 1 4 1 1
1933.9 -5268.2 -1.6 298 0 12.0 10.5 14.0 3.5 2 0 4 4 4
1953.1 -5278.0 -1.2 297 0 11.9 11.1 14.0 3.5 4 0 4 5 5
1878.4 -5324.7 -2.5 118 0 12.1 11.1 14.0 3.5 2 0 4 3 3
1888.8 -5305.8 -2.6 118 0 12.2 11.5 14.0 3.5 2 0 4 0 0
1864.8 -5317.4 -2.8 118 0 12.6 10.2 14.0 3.5 2 0 4 1 1
1874.8 -5298.7 -2.9 117 0 11.9 10.7 14.0 3.5 2 0 4 5 5
1851.9 -5310.8 -3.0 117 0 11.7 10.4 14.0 3.5 4 0 4 5 5
1861.8 -5291.8 -3.1 118 0 11.8 10.7 14.0 3.5 2 0 4 0 0
1837.7 -5303.3 -3.1 119 0 11.8 10.4 14.0 3.5 2 0 4 0 0
1845.2 -5276.9 -3.4 209 0 10.8 11.9 14.0 3.5 2 1 4 5 5
1857.3 -5230.6 -2.2 29 0 10.9 11.2 14.0 3.5 2 1 4 4 4
1864.9 -5216.5 -1.8 28 0 10.7 11.5 14.0 3.5 2 1 4 1 1
1871.8 -5203.0 -1.5 29 0 10.6 11.4 14.0 3.5 2 1 4 3 3
1834.6 -5200.2 -1.8 210 0 10.4 12.0 14.0 3.5 2 1 4 3 3
1841.7 -5187.2 -1.4 209 0 10.6 11.4 14.0 3.5 2 1 4 3 3
1863.0 -5042.6 -2.1 209 0 10.5 11.5 10.5 3.5 4 1 3 2 2
1876.1 -5016.5 -2.2 207 0 13.2 11.1 10.5 3.5 2 0 3 1 1
1883.9 -5001.3 -2.2 207 0 11.4 11.8 10.5 3.5 4 1 3 2 2
1852.6 -5061.4 -2.0 208 0 11.3 13.0 10.5 3.5 4 1 3 2 2
1845.7 -5075.2 -1.9 210 0 10.3 12.2 10.5 3.5 2 1 3 5 5
1838.5 -5088.2 -1.8 209 0 10.5 12.1 10.5 3.5 2 1 3 2 2
1831.4 -5102.1 -1.8 210 0 10.2 12.5 10.5 3.5 2 1 3 4 4
1861.3 -5118.2 -1.7 29 0 10.5 11.5 10.5 3.5 2 1 3 4 4
1875.7 -5091.1 -1.9 28 0 10.6 11.6 10.5 3.5 2 1 3 0 0
1804.8 -5150.7 -1.5 208 0 10.9 12.3 10.5 3.5 2 1 3 0 0
1797.7 -5164.3 -1.5 208 0 10.4 12.7 10.5 3.5 2 1 3 1 1
1774.0 -5211.4 -1.7 209 0 10.8 11.8 10.5 3.5 2 1 3 1 1
1797.0 -5240.7 -2.0 28 0 10.5 11.2 10.5 3.5 2 1 3 4 4
1803.7 -5227.5 -1.8 27 0 11.1 11.2 10.5 3.5 4 1 3 0 0
1814.7 -5208.0 -1.6 28 0 10.2 11.6 10.5 3.5 2 1 3 5 5
1822.2 -5194.6 -1.4 29 0 10.8 11.6 10.5 3.5 2 1 3 0 0
1828.7 -5180.9 -1.4 28 0 9.9 11.8 10.5 3.5 2 1 3 2 2
1835.7 -5167.3 -1.5 28 0 10.2 11.7 10.5 3.5 2 1 3 3 3
1813.0 -4795.8 0.9 112 0 11.4 33.7 14.0 3.5 2 1 4 5 5
1819.4 -4818.5 0.8 116 0 43.2 12.3 14.0 3.5 2 0 4 3 3
1848.7 -4774.3 1.3 293 0 11.7 33.4 14.0 3.5 2 1 4 3 3
1813.6 -4751.7 0.7 293 0 16.4 13.3 14.0 3.5 2 0 4 4 4
1782.7 -4745.4 0.4 202 0 12.2 22.9 14.0 3.5 2 0 4 3 3
1792.3 -4725.2 0.5 208 0 11.5 19.6 14.0 0.0 0 1 4 3 3
1866.5 -4762.6 1.8 206 0 7.5 12.2 10.5 0.0 0 1 3 2 2
1856.9 -4749.6 1.3 25 0 16.4 13.1 14.0 3.5 2 0 4 1 1
1839.3 -4724.3 1.2 207 0 13.6 9.2 10.5 3.5 2 0 3 4 4
1930.7 -4631.8 -0.0 209 0 13.3 11.0 14.0 3.5 2 0 4 0 0
1906.6 -4663.3 1.4 26 0 7.5 13.6 10.5 3.5 2 1 3 2 2
1784.1 -4936.1 -1.0 298 0 13.2 12.8 14.0 3.5 2 0 4 3 3
1723.9 -4913.9 -1.2 302 0 30.2 21.8 14.0 0.0 0 0 4 0 0
1678.9 -5003.8 -0.6 296 0 8.5 29.0 10.5 3.5 2 1 3 2 2
1719.4 -5025.9 -1.6 298 0 15.0 14.0 14.0 3.5 2 0 4 5 5
1675.2 -4944.4 -1.4 209 0 12.8 11.5 14.0 0.0 0 0 4 5 5
1713.9 -4947.6 -1.5 26 0 9.3 5.8 10.5 3.5 2 0 3 4 4
1691.0 -4893.3 -0.9 26 0 12.3 7.7 10.5 3.5 2 0 3 3 3
1959.3 -4750.5 2.5 90 0 16.7 6.8 10.5 3.5 2 0 3 4 4
1720.6 -4828.3 0.0 32 0 12.6 11.1 14.0 3.5 2 0 4 5 5
1554.3 -5042.8 2.8 303 0 11.0 14.3 14.0 3.5 4 1 4 2 2
1548.3 -5024.0 1.1 304 0 9.5 12.1 10.5 3.5 2 1 3 0 0
1510.1 -5047.8 1.2 215 0 16.7 20.7 14.0 3.5 2 1 4 1 1
1500.1 -5004.3 1.1 214 0 15.7 12.5 14.0 0.0 0 0 4 3 3
1726.7 -4972.6 -1.8 28 0 13.2 10.9 14.0 3.5 2 0 4 4 4
1453.2 -4769.5 1.2 296 0 12.8 18.1 14.0 3.5 2 1 4 0 0
1434.1 -4832.5 0.7 125 0 16.1 13.5 14.0 3.5 2 0 4 0 0
1467.6 -4776.3 0.8 296 0 16.5 9.2 10.5 3.5 2 0 3 1 1
1460.9 -4965.8 1.1 304 0 11.2 11.5 10.5 3.5 2 1 3 2 2
1453.7 -5006.1 1.4 215 0 15.7 12.9 10.5 3.5 4 0 3 1 1
1486.8 -5027.9 1.3 214 0 9.7 7.2 10.5 3.5 2 0 3 1 1
1732.0 -4568.0 3.6 41 0 17.5 10.2 10.5 3.5 2 0 3 2 2
1670.4 -4664.1 0.1 39 0 9.9 11.3 10.5 3.5 2 1 3 2 2
1680.4 -4647.7 0.1 32 0 8.7 8.4 10.5 3.5 2 0 3 2 2
1589.0 -4661.5 1.2 25 0 10.9 14.7 14.0 3.5 4 1 4 0 0
1480.2 -4701.2 0.8 296 0 11.4 16.0 14.0 3.5 2 1 4 0 0
1498.2 -4710.6 1.4 298 0 6.8 14.8 10.5 3.5 2 1 3 3 3
1648.0 -5028.4 0.3 297 0 9.8 11.8 10.5 3.5 2 1 3 5 5
1661.0 -5094.1 -0.3 27 0 16.0 11.2 14.0 0.0 0 0 4 3 3
1820.7 -5056.5 -2.0 300 0 10.0 14.6 14.0 3.5 2 1 4 1 1
1748.1 -4948.2 -1.3 209 0 10.3 14.8 14.0 3.5 2 1 4 1 1
1755.8 -4927.3 -0.9 208 0 10.3 6.8 10.5 0.0 0 0 3 3 3
1803.1 -5046.9 -2.0 295 0 10.2 7.3 10.5 3.5 2 0 3 4 4
1651.8 -4868.4 -0.4 296 0 14.7 10.1 14.0 3.5 2 0 4 5 5
1765.2 -4678.5 0.5 214 0 11.0 10.0 10.5 3.5 4 0 3 1 1
1763.2 -4744.9 0.2 31 0 13.8 5.3 10.5 3.5 2 0 3 4 4
1756.5 -4774.2 0.1 27 0 12.3 9.6 10.5 3.5 2 0 3 4 4
1839.9 -4454.9 2.2 251 0 15.1 14.2 14.0 3.5 2 0 4 5 5
1776.3 -4432.4 -1.8 261 0 10.5 34.4 14.0 3.5 2 1 4 2 2
1758.1 -4650.3 0.6 208 0 10.2 6.1 10.5 3.5 2 0 3 0 0
1792.0 -4687.9 0.6 28 0 11.0 6.2 10.5 3.5 4 0 3 3 3
1811.9 -4667.5 0.8 28 0 10.2 4.9 10.5 3.5 2 0 3 5 5
1826.2 -4656.8 0.9 208 0 10.4 10.1 14.0 0.0 0 0 4 0 0
1791.7 -4596.2 1.6 208 0 17.1 14.7 14.0 3.5 2 0 4 3 3
1802.0 -4628.2 0.9 208 0 11.3 7.0 10.5 0.0 0 0 3 0 0
1831.0 -4625.7 1.1 28 0 8.7 5.8 10.5 3.5 2 0 3 3 3
1844.5 -4532.3 3.8 298 0 9.1 9.2 10.5 3.5 2 1 3 0 0
2145.0 -4477.5 3.7 28 0 12.2 56.6 7.5 2.5 2 1 3 2 2
2138.8 -4491.9 3.1 28 0 10.8 58.6 7.5 2.5 4 1 3 4 4
2128.4 -4534.5 0.1 298 0 10.7 8.4 10.5 3.5 2 0 3 3 3
2074.0 -4606.0 -0.5 118 0 12.9 8.4 10.5 3.5 2 0 3 4 4
2021.2 -4517.5 0.8 28 0 5.8 8.7 10.5 3.5 2 1 3 3 3
1939.8 -4608.8 0.2 118 0 16.9 8.7 10.5 3.5 2 0 3 5 5
1956.3 -4677.6 1.4 28 0 9.3 9.8 10.5 3.5 4 1 3 5 5
1900.6 -4726.1 2.0 208 0 8.2 8.9 10.5 3.5 4 1 3 3 3
1931.8 -4726.6 2.1 28 0 9.0 10.5 10.5 3.5 2 1 3 2 2
1887.6 -4804.9 1.7 28 0 28.6 10.9 14.0 3.5 2 0 4 0 0
1981.3 -4954.7 -0.4 208 0 19.7 12.3 14.0 3.5 2 0 4 3 3
2023.8 -4966.4 0.4 28 0 10.4 7.7 10.5 3.5 2 0 3 0 0
2047.6 -4879.2 1.8 298 0 9.1 6.4 10.5 3.5 2 0 3 2 2
2089.0 -4899.0 1.9 298 0 26.5 9.7 10.5 3.5 2 0 3 1 1
2089.9 -4917.3 2.1 298 0 7.6 12.7 10.5 0.0 0 1 3 4 4
2085.4 -4967.1 1.7 28 0 12.7 16.2 14.0 3.5 2 1 4 3 3
2020.7 -5004.0 -0.2 208 0 9.2 10.9 10.5 3.5 2 1 3 5 5
2009.0 -5037.5 -1.1 118 0 11.0 26.0 14.0 0.0 0 1 4 2 2
2060.9 -5041.0 -0.5 28 0 39.6 12.2 14.0 3.5 2 0 4 0 0
2153.5 -4952.0 2.1 298 0 11.1 57.9 14.0 0.0 0 1 4 3 3
2121.3 -4964.5 2.0 208 0 59.6 11.4 14.0 3.5 2 0 4 0 0
2104.4 -5014.6 1.4 208 0 14.1 20.3 14.0 3.5 4 1 4 1 1
2123.4 -5074.1 0.5 28 0 13.0 35.3 14.0 3.5 4 1 4 3 3
2097.0 -5081.9 0.1 118 0 37.5 10.6 14.0 3.5 2 0 4 4 4
2035.1 -5126.4 -0.1 208 0 10.6 57.8 14.0 3.5 2 1 4 3 3
2026.9 -5142.4 -0.0 208 0 12.0 57.8 14.0 3.5 4 1 4 4 4
2057.9 -5207.4 -0.2 30 0 9.3 7.6 10.5 3.5 2 0 3 0 0
2038.7 -5244.6 -0.4 31 0 11.1 10.5 14.0 3.5 2 0 4 3 3
1930.1 -5173.4 -0.7 210 0 7.6 9.3 10.5 3.5 2 1 3 2 2
1823.5 -5230.2 -2.2 210 0 10.3 8.0 10.5 3.5 4 0 3 5 5
1845.5 -5244.4 -2.7 30 0 11.2 10.9 14.0 3.5 2 0 4 2 2
1693.9 -5031.5 -0.8 30 0 12.9 8.8 10.5 3.5 4 0 3 1 1
1762.3 -4965.1 -1.5 210 0 8.6 14.1 10.5 3.5 2 1 3 2 2
1732.3 -4994.2 -2.0 210 0 9.9 7.6 10.5 3.5 2 0 3 1 1
1767.5 -4987.4 -1.9 30 0 10.1 7.8 10.5 3.5 2 0 3 0 0
1781.0 -4993.7 -2.1 30 0 13.7 9.3 10.5 3.5 2 0 3 4 4
1634.8 -5068.8 0.6 300 0 7.4 12.6 10.5 3.5 2 1 3 5 5
1700.2 -5057.3 -1.1 300 0 10.1 10.6 14.0 3.5 2 1 4 0 0
1696.2 -5087.3 -1.1 121 0 8.2 10.4 10.5 0.0 0 1 3 4 4
1807.7 -5098.4 -1.8 300 0 11.0 12.0 10.5 3.5 2 1 3 4 4
1794.0 -5092.7 -1.8 300 0 9.4 11.0 10.5 3.5 2 1 3 1 1
1743.7 -5165.9 -1.4 300 0 9.3 13.1 10.5 3.5 2 1 3 2 2
1708.6 -5198.5 -0.7 305 0 13.7 8.8 10.5 3.5 2 0 3 2 2
1696.2 -5208.1 -0.8 215 0 6.6 11.2 10.5 3.5 2 1 3 5 5
