2744.9 -6421.8 -4.7 357 0 18.2 15.8 5.0 2.5 2 0 2 0 0
2864.8 -6364.0 -2.9 357 0 10.7 16.0 7.5 2.5 2 1 3 1 1
2858.0 -6390.5 -3.1 88 0 17.5 16.4 5.0 2.5 2 0 2 2 2
2823.1 -6392.3 -3.2 86 0 13.7 14.3 7.5 2.5 2 1 3 4 4
-1699.8 6624.6 -6.3 135 0 11.8 11.8 5.0 2.5 2 1 2 5 5
-1548.8 6363.7 -1.2 42 0 13.3 16.2 7.5 0.0 0 1 3 4 4
-1458.7 6403.9 -1.4 133 0 15.4 11.2 7.5 2.5 2 0 3 4 4
-1463.3 6347.8 -2.6 48 0 14.1 11.2 7.5 2.5 2 0 3 5 5
-1618.7 6471.9 -1.4 133 0 10.1 24.0 2.5 2.5 2 1 1 2 2
-1100.7 5986.0 -7.0 143 0 11.4 11.5 7.5 2.5 4 1 3 3 3
-1453.9 6378.5 -2.0 233 0 12.1 17.4 7.5 2.5 2 1 3 4 4
-1583.1 6364.2 -0.8 135 0 12.2 16.4 7.5 2.5 2 1 3 4 4
-1343.3 6414.3 -2.3 237 0 10.7 9.9 5.0 2.5 2 0 2 2 2
-1512.0 6367.7 -2.2 133 0 21.6 10.7 5.0 2.5 2 0 2 3 3
-1492.2 6349.9 -2.6 138 0 8.4 8.4 5.0 2.5 2 1 2 4 4
-1386.3 6320.0 -0.7 144 0 10.5 10.8 5.0 2.5 2 1 2 4 4
-1492.9 6231.8 -1.8 325 0 13.0 15.5 2.5 2.5 2 1 1 3 3
-728.1 -3895.7 -6.5 41 0 19.6 11.4 5.0 2.5 2 0 2 0 0
-1945.5 6838.8 -7.2 43 0 24.6 13.0 14.0 3.5 2 0 4 5 5
-1946.0 6665.8 -7.2 132 0 82.8 79.5 14.0 0.0 0 0 4 0 0
-1539.1 6366.6 -2.0 224 0 18.7 16.3 7.5 2.5 2 0 3 5 5
-1614.7 6403.6 -1.9 42 0 61.6 66.2 10.0 0.0 0 1 4 5 5
-1420.8 6262.5 -1.2 323 0 7.4 11.9 7.5 2.5 2 1 3 4 4
-1418.5 6320.5 -1.9 52 0 13.6 15.0 7.5 0.0 0 1 3 5 5
-1441.9 6253.8 -1.2 237 0 7.7 8.2 7.5 2.5 2 1 3 1 1
-1519.7 6210.9 -2.2 238 0 7.8 9.5 2.5 2.5 2 1 1 3 3
-1484.3 6264.7 -1.8 235 0 10.9 10.8 10.0 2.5 2 0 4 3 3
-1074.4 1721.6 1.2 289 0 11.5 8.3 7.5 2.5 2 0 3 1 1
-1086.6 1693.7 1.0 289 0 13.1 10.1 2.5 0.0 0 0 1 3 3
-1007.2 1604.5 -1.3 28 0 13.5 7.6 7.5 2.5 2 0 3 2 2
-1019.9 1699.7 0.9 204 0 11.6 11.4 7.5 2.5 2 0 3 3 3
-1047.1 1713.8 1.0 284 0 9.6 10.2 5.0 2.5 2 1 2 3 3
-1160.1 1709.3 1.0 287 0 14.1 6.1 5.0 2.5 2 0 2 3 3
-1165.9 1730.9 1.3 118 0 6.7 14.9 7.5 0.0 0 1 3 5 5
-1053.5 1655.3 0.0 28 0 12.5 17.8 5.0 0.0 0 1 2 0 0
-983.0 1648.1 -0.6 29 0 15.5 12.6 7.5 2.5 2 0 3 2 2
-1026.2 1521.7 -0.7 91 0 10.1 29.6 7.5 0.0 0 1 3 3 3
-996.3 1494.6 0.5 21 0 10.9 6.7 5.0 0.0 0 0 2 2 2
-964.2 1526.2 1.4 227 0 4.7 11.2 5.0 2.5 2 1 2 5 5
-968.3 1515.0 1.6 213 0 9.8 8.8 5.0 2.5 2 0 2 2 2
-926.3 1530.0 1.6 213 0 10.1 11.6 10.0 2.5 2 1 4 2 2
-961.5 1542.2 0.6 217 0 8.1 11.9 5.0 2.5 2 1 2 1 1
-940.6 1567.4 -0.3 303 0 8.2 9.0 7.5 2.5 4 1 3 5 5
-922.9 1551.9 0.1 26 0 10.1 11.4 2.5 2.5 4 1 1 3 3
-918.6 1615.8 1.1 29 0 10.5 7.6 7.5 2.5 2 0 3 0 0
-927.2 1708.5 4.4 14 0 12.2 9.9 2.5 0.0 0 0 1 0 0
-1416.7 6381.6 -1.2 54 0 15.0 10.8 5.0 0.0 0 0 2 0 0
-1439.7 6376.3 -1.4 140 0 12.9 6.1 5.0 0.0 0 0 2 0 0
-2133.5 6949.5 0.4 314 0 13.3 25.5 10.5 3.5 2 1 3 3 3
-1886.0 6623.3 -6.6 135 0 10.8 20.2 14.0 3.5 2 1 4 0 0
-1954.5 6716.3 -6.8 222 0 34.9 11.9 14.0 3.5 2 0 4 5 5
-1870.2 6720.4 -7.5 133 0 12.1 8.8 10.5 3.5 2 0 3 5 5
-1862.2 6745.8 -7.8 223 0 9.9 18.5 10.5 3.5 2 1 3 2 2
-1818.2 6685.6 -7.4 45 0 13.0 18.0 14.0 3.5 2 1 4 1 1
-1835.8 6756.0 -8.1 134 0 12.5 14.0 14.0 3.5 2 1 4 4 4
-1841.7 6790.2 -7.8 44 0 9.1 13.3 10.5 3.5 2 1 3 0 0
-1871.0 6792.3 -7.8 134 0 13.5 18.5 10.5 3.5 2 1 3 4 4
-1941.0 6809.2 -7.5 225 0 22.9 15.0 14.0 3.5 2 0 4 4 4
-1444.6 6271.4 -2.1 49 0 13.0 10.3 2.5 2.5 4 0 1 4 4
-1462.8 6251.0 -1.4 238 0 17.0 12.7 5.0 2.5 4 0 2 2 2
-1532.1 6287.3 -1.7 234 0 12.1 17.1 7.5 2.5 2 1 3 5 5
-1411.1 6319.6 -1.6 229 0 13.0 13.0 5.0 2.5 2 1 2 0 0
-1417.7 6280.9 -1.4 146 0 9.0 18.2 5.0 2.5 4 1 2 3 3
-1431.1 6304.1 -2.3 232 0 10.4 19.7 5.0 2.5 2 1 2 2 2
-1406.2 6274.2 -0.9 146 0 11.2 11.1 7.5 2.5 4 0 3 5 5
-1462.1 6288.6 -3.0 48 0 7.0 10.0 5.0 2.5 4 1 2 3 3
-1574.4 6398.1 -0.7 312 0 9.4 13.2 5.0 2.5 2 1 2 5 5
-1588.7 6443.1 -0.4 134 0 12.0 19.4 5.0 2.5 2 1 2 0 0
-1572.1 6480.1 -0.1 316 0 7.8 9.4 5.0 2.5 2 1 2 2 2
-1583.7 6489.8 -0.7 314 0 7.6 9.2 5.0 2.5 2 1 2 4 4
-1593.3 6500.6 -1.3 316 0 8.0 10.2 7.5 2.5 2 1 3 2 2
-1604.7 6511.0 -1.9 314 0 7.0 9.6 7.5 2.5 2 1 3 2 2
-1565.3 6489.6 -0.3 137 0 15.4 16.1 5.0 0.0 0 1 2 0 0
-1624.1 6524.0 -2.7 45 0 10.1 9.9 7.5 2.5 2 0 3 4 4
-1653.3 6523.8 -3.1 133 0 7.9 7.0 2.5 2.5 2 0 1 4 4
-1621.9 6503.8 -2.0 222 0 7.6 6.7 7.5 2.5 2 0 3 1 1
-1654.4 6590.1 -4.8 226 0 8.9 7.7 5.0 2.5 2 0 2 1 1
-1623.6 6553.1 -3.3 136 0 8.1 9.3 5.0 2.5 2 1 2 5 5
-1592.5 6562.4 -2.9 312 0 8.4 9.6 5.0 2.5 2 1 2 3 3
-1644.8 6555.5 -3.8 314 0 15.1 13.4 2.5 2.5 2 0 1 1 1
-1673.0 6570.8 -4.6 222 0 9.7 21.4 5.0 2.5 4 1 2 0 0
-1745.5 6602.3 -6.2 129 0 14.2 15.0 7.5 2.5 2 1 3 2 2
-1712.5 6609.7 -6.0 315 0 12.0 12.0 5.0 0.0 0 0 2 4 4
-1975.6 6774.0 -6.9 223 0 12.8 16.7 10.5 3.5 2 1 3 2 2
-1985.2 6766.1 -7.0 224 0 6.6 13.3 10.5 3.5 2 1 3 0 0
-1597.1 6522.4 -2.0 134 0 12.5 16.3 5.0 2.5 2 1 2 2 2
-1584.7 6509.3 -1.2 137 0 8.8 14.2 5.0 2.5 4 1 2 4 4
-1683.1 6558.0 -4.4 226 0 15.1 11.5 2.5 2.5 2 0 1 1 1
-1900.4 6832.7 -7.5 135 0 7.6 8.0 10.5 0.0 0 1 3 3 3
-1930.6 6679.7 -6.5 130 0 14.9 13.5 14.0 0.0 0 0 4 4 4
-2053.0 6911.8 -4.1 40 0 13.8 13.7 10.5 3.5 2 0 3 4 4
-2038.8 6922.5 -5.0 43 0 14.7 25.6 10.5 3.5 2 1 3 4 4
-2078.5 6930.8 -3.2 134 0 11.2 18.0 10.5 3.5 2 1 3 5 5
-1464.6 6324.9 -2.9 145 0 6.8 8.7 2.5 2.5 2 1 1 5 5
-964.2 1561.8 -0.5 19 0 17.6 10.5 7.5 2.5 2 0 3 4 4
-1047.4 1669.7 0.1 29 0 10.3 11.2 7.5 2.5 2 1 3 0 0
-1141.5 1653.3 0.7 200 0 6.9 10.0 7.5 2.5 2 1 3 4 4
-903.8 1642.6 3.4 28 0 9.0 9.0 5.0 2.5 2 1 2 5 5
-911.5 1616.7 1.8 216 0 8.3 7.2 5.0 2.5 2 0 2 5 5
-854.2 1622.3 5.0 218 0 7.3 8.2 5.0 2.5 2 1 2 2 2
-888.0 1577.5 1.1 216 0 19.5 10.5 5.0 2.5 2 0 2 0 0
-1293.0 6163.5 -1.3 143 0 13.5 10.1 5.0 2.5 2 0 2 1 1
-1304.4 6178.2 -1.0 142 0 13.0 10.4 5.0 2.5 2 0 2 2 2
-1314.8 6193.2 -0.6 142 0 12.6 10.3 10.0 2.5 2 0 4 5 5
-1303.0 6202.3 -1.0 142 0 14.1 9.2 5.0 2.5 2 0 2 2 2
-1280.6 6174.0 -1.8 141 0 13.7 9.7 7.5 2.5 4 0 3 2 2
-1266.5 6199.5 -2.0 52 0 9.3 13.0 2.5 2.5 2 1 1 2 2
-1254.5 6209.6 -2.4 52 0 9.3 12.7 5.0 2.5 2 1 2 0 0
-1265.8 6223.8 -2.2 50 0 9.9 13.3 7.5 2.5 2 1 3 1 1
-1311.7 6251.6 -1.1 141 0 12.6 9.8 5.0 2.5 2 0 2 1 1
-1323.2 6273.9 -1.0 233 0 9.3 13.2 2.5 2.5 4 1 1 4 4
-1284.6 6284.4 -2.1 229 0 9.3 13.3 7.5 2.5 2 1 3 5 5
-1282.8 6307.3 -3.1 230 0 9.1 12.3 7.5 2.5 2 1 3 3 3
-1272.4 6293.5 -3.0 231 0 9.0 13.1 7.5 0.0 0 1 3 0 0
-1225.6 6209.3 -3.4 52 0 9.0 14.1 5.0 2.5 2 1 2 1 1
-1237.5 6224.5 -3.1 50 0 8.6 12.5 7.5 2.5 2 1 3 5 5
-1249.0 6238.7 -2.8 49 0 10.0 13.5 7.5 0.0 0 1 3 5 5
-1335.1 6155.3 -1.0 322 0 9.6 12.8 5.0 2.5 2 1 2 0 0
-1346.1 6169.1 -0.7 323 0 11.5 11.6 7.5 2.5 2 1 3 0 0
-1404.7 6239.3 -0.4 326 0 15.5 13.2 5.0 2.5 2 0 2 5 5
-1500.7 6181.5 -2.0 144 0 13.8 22.7 12.5 2.5 2 1 5 4 4
-1413.9 6195.5 -0.8 323 0 10.8 13.3 5.0 2.5 2 1 2 1 1
-1402.9 6181.8 -0.9 321 0 11.8 13.9 5.0 2.5 4 1 2 3 3
-1392.6 6166.3 -1.0 323 0 11.7 12.3 5.0 2.5 4 1 2 3 3
-1383.6 6180.8 -0.2 326 0 11.2 11.2 5.0 2.5 4 1 2 3 3
-1357.3 6145.5 -1.2 325 0 10.5 12.4 5.0 2.5 4 1 2 2 2
-1349.0 6124.2 -1.3 51 0 12.3 10.1 5.0 2.5 2 0 2 1 1
-1367.7 6123.1 -1.4 53 0 10.9 10.1 5.0 2.5 2 0 2 2 2
-1389.4 6115.0 -1.5 50 0 11.6 11.2 7.5 2.5 4 0 3 2 2
-1398.1 6100.0 -1.3 50 0 13.1 12.6 2.5 2.5 4 0 1 5 5
-1400.0 6129.0 -1.5 52 0 11.1 10.8 5.0 2.5 2 0 2 2 2
-1419.0 6117.4 -1.4 142 0 14.2 12.5 5.0 2.5 2 0 2 4 4
-1426.4 6062.4 -0.8 144 0 10.2 13.3 7.5 2.5 2 1 3 4 4
-1428.3 6091.9 -1.1 142 0 11.3 11.2 7.5 2.5 4 0 3 0 0
-1437.7 6077.2 -0.9 142 0 10.9 12.7 2.5 0.0 0 1 1 0 0
-1475.2 6127.6 -1.4 143 0 11.2 11.9 5.0 2.5 2 1 2 1 1
-1485.6 6141.9 -1.6 141 0 11.1 12.3 2.5 2.5 2 1 1 1 1
-1433.5 6134.9 -1.6 144 0 11.2 13.3 7.5 0.0 0 1 3 4 4
-1445.5 6186.4 -1.5 228 0 11.9 10.4 5.0 2.5 2 0 2 0 0
-1455.2 6436.7 -0.8 224 0 17.0 15.2 10.0 2.5 4 0 4 5 5
-1179.6 6248.0 -7.1 50 0 10.9 8.6 7.5 2.5 4 0 3 0 0
-1331.9 5868.7 -5.3 337 0 10.6 21.2 5.0 2.5 2 1 2 2 2
