-2901.5 -2557.6 1.3 358 0 15.0 8.9 7.5 2.5 2 0 3 5 5
-3348.8 -2572.1 2.2 269 0 8.4 21.6 7.5 2.5 2 1 3 4 4
2034.6 -1956.8 -2.9 268 0 27.9 60.0 10.0 0.0 0 1 4 5 5
1878.9 -1724.2 -1.5 182 0 133.0 53.6 12.5 0.0 0 0 5 3 3
1953.1 -1875.1 -3.0 271 0 92.9 72.9 10.0 0.0 0 0 4 1 1
4139.1 -2903.1 -0.1 297 0 23.9 15.8 7.5 2.5 2 0 3 4 4
4163.5 -2779.5 1.7 118 0 17.1 19.6 7.5 2.5 2 1 3 1 1
2795.8 -2153.1 -1.8 200 0 81.1 43.1 12.5 0.0 0 0 5 1 1
1811.7 -2552.2 -1.2 2 0 64.9 74.5 7.5 0.0 0 1 3 1 1
1938.0 -2077.1 -1.9 290 0 85.8 78.5 12.5 0.0 0 0 5 0 0
-5.3 -2459.5 -0.3 14 0 88.1 49.5 12.5 0.0 0 0 5 4 4
421.5 -2552.6 -3.1 266 0 24.9 9.4 7.5 2.5 2 0 3 2 2
1975.0 -2043.0 -1.9 92 0 27.2 28.2 12.5 0.0 0 1 5 4 4
1867.3 -1908.0 -3.0 184 0 73.9 37.0 10.0 0.0 0 0 4 2 2
1470.8 -1474.6 0.2 296 0 16.5 28.7 10.0 2.5 2 1 4 4 4
1559.7 -1350.2 -6.0 114 0 33.0 46.2 10.0 0.0 0 1 4 4 4
598.6 -2461.9 1.6 206 0 15.7 14.2 2.5 0.0 0 0 1 1 1
329.4 -2263.3 1.4 106 0 46.5 40.3 12.5 0.0 0 0 5 2 2
162.5 -2452.3 0.3 286 0 18.9 30.2 12.5 2.5 2 1 5 5 5
223.9 -2392.5 0.0 18 0 32.1 22.9 12.5 0.0 0 0 5 2 2
747.7 -2154.6 -3.5 89 0 12.0 11.3 5.0 2.5 2 0 2 2 2
794.7 -2110.4 -3.2 359 0 11.3 12.0 10.0 2.5 2 1 4 4 4
761.3 -2104.9 -3.5 269 0 12.0 11.3 7.5 2.5 2 0 3 2 2
748.2 -2104.9 -3.6 269 0 12.0 11.3 5.0 2.5 2 0 2 4 4
805.7 -2243.4 0.2 179 0 11.3 12.0 10.0 2.5 2 1 4 5 5
811.5 -2276.1 0.9 89 0 12.0 11.3 5.0 0.0 0 0 2 0 0
837.8 -2275.2 0.6 89 0 12.0 11.3 5.0 0.0 0 0 2 1 1
869.5 -2229.6 -0.7 359 0 11.3 12.0 2.5 2.5 2 1 1 3 3
869.5 -2242.9 -0.3 359 0 11.3 12.0 7.5 2.5 2 1 3 0 0
863.1 -2276.1 0.4 89 0 12.0 11.3 7.5 2.5 2 0 3 2 2
811.9 -2164.1 -2.1 269 0 12.0 11.3 5.0 2.5 2 0 2 5 5
805.6 -2197.0 -1.1 179 0 11.3 12.0 5.0 2.5 2 1 2 1 1
811.5 -2216.2 -0.7 89 0 12.0 11.3 7.5 0.0 0 0 3 5 5
863.6 -2216.1 -1.2 89 0 12.0 11.3 5.0 0.0 0 0 2 1 1
869.6 -2196.8 -1.6 359 0 11.3 12.0 7.5 2.5 2 1 3 1 1
870.0 -2169.5 -2.1 359 0 11.3 12.0 5.0 2.5 4 1 2 1 1
864.4 -2156.2 -2.6 89 0 12.0 11.3 5.0 0.0 0 0 2 5 5
870.5 -2136.7 -2.8 359 0 11.3 12.0 5.0 0.0 0 1 2 2 2
870.4 -2109.4 -2.8 359 0 11.3 12.0 5.0 2.5 2 1 2 1 1
838.1 -2154.6 -2.6 89 0 12.0 11.3 5.0 2.5 2 0 2 5 5
961.1 -2199.8 -1.7 90 0 25.2 13.2 7.5 2.5 2 0 3 3 3
1035.3 -2275.5 0.3 89 0 11.3 11.7 5.0 2.5 2 1 2 3 3
1035.3 -2225.4 -0.5 269 0 11.3 11.7 7.5 2.5 4 1 3 1 1
1036.1 -2215.1 -1.0 89 0 11.3 11.7 2.5 2.5 4 1 1 4 4
1036.4 -2155.2 -2.5 89 0 11.3 11.7 7.5 2.5 2 1 3 5 5
1068.7 -2122.8 -2.7 359 0 11.3 12.0 7.5 0.0 0 1 3 2 2
1062.3 -2156.0 -2.4 89 0 12.0 11.3 2.5 0.0 0 0 1 5 5
1010.0 -2103.8 -2.8 269 0 12.0 11.3 5.0 0.0 0 0 2 3 3
1004.1 -2122.8 -2.8 179 0 11.3 12.0 5.0 0.0 0 1 2 3 3
1009.8 -2164.1 -2.2 269 0 12.0 11.3 2.5 2.5 2 0 1 3 3
1003.9 -2183.1 -1.9 179 0 11.3 12.0 2.5 2.5 2 1 1 0 0
1003.5 -2197.0 -1.6 179 0 11.3 12.0 7.5 2.5 2 1 3 5 5
1009.4 -2216.2 -1.3 89 0 12.0 11.3 2.5 2.5 2 0 1 0 0
1061.4 -2224.4 0.0 269 0 12.0 11.3 7.5 2.5 2 0 3 3 3
1003.6 -2243.6 -0.6 179 0 11.3 12.0 5.0 2.5 2 1 2 4 4
1003.2 -2257.6 -0.3 179 0 11.3 12.0 5.0 2.5 4 1 2 5 5
943.6 -2137.0 -2.8 179 0 11.3 12.0 7.5 2.5 4 1 3 2 2
942.8 -2243.6 -0.6 179 0 11.3 12.0 5.0 2.5 2 1 2 5 5
948.1 -2275.0 -0.0 89 0 12.0 11.3 5.0 0.0 0 0 2 2 2
994.6 -2269.4 -0.0 359 0 11.3 12.0 7.5 2.5 2 1 3 3 3
961.5 -2275.1 -0.0 89 0 12.0 11.3 2.5 2.5 2 0 1 3 3
975.5 -2212.0 -1.1 269 0 12.0 11.3 7.5 2.5 2 0 3 2 2
948.3 -2212.0 -1.1 269 0 12.0 11.3 2.5 2.5 2 0 1 4 4
994.9 -2217.7 -1.1 359 0 11.3 12.0 7.5 2.5 2 1 3 0 0
975.9 -2168.3 -2.3 89 0 12.0 11.3 5.0 2.5 2 0 2 5 5
975.9 -2105.1 -2.8 269 0 12.0 11.3 5.0 2.5 2 0 2 0 0
995.3 -2110.8 -2.8 359 0 11.3 12.0 5.0 2.5 2 1 2 5 5
932.2 -2110.7 -2.8 359 0 11.3 12.0 2.5 2.5 2 1 1 3 3
899.0 -2105.1 -2.8 269 0 12.0 11.3 2.5 2.5 4 0 1 5 5
885.6 -2167.8 -2.3 89 0 12.0 11.3 7.5 2.5 2 0 3 5 5
926.1 -2168.0 -2.3 89 0 12.0 11.3 7.5 2.5 2 0 3 5 5
912.2 -2275.0 -0.0 89 0 12.0 11.3 7.5 2.5 2 0 3 2 2
885.0 -2275.0 0.2 89 0 12.0 11.3 5.0 2.5 4 0 2 0 0
912.2 -2211.9 -1.1 269 0 12.0 11.3 5.0 2.5 2 0 2 4 4
898.3 -2212.0 -1.1 269 0 12.0 11.3 5.0 2.5 2 0 2 3 3
885.0 -2211.9 -1.1 269 0 12.0 11.3 2.5 2.5 2 0 1 1 1
4461.4 -3051.6 -4.0 295 0 13.5 27.7 10.0 2.5 4 1 4 3 3
4321.5 -2927.6 -2.8 290 0 14.9 14.5 2.5 2.5 2 0 1 1 1
25.0 -2430.2 0.2 286 0 13.0 14.5 7.5 2.5 2 1 3 3 3
7.6 -2465.6 0.4 202 0 13.8 14.9 2.5 2.5 4 1 1 2 2
64.0 -2279.1 -1.4 198 0 23.8 10.3 2.5 2.5 4 0 1 2 2
48.8 -2218.9 -2.2 15 0 13.9 11.9 5.0 2.5 2 0 2 2 2
20.2 -2208.9 -2.5 196 0 15.2 14.4 2.5 2.5 2 0 1 2 2
-415.6 -2372.8 -2.4 277 0 16.1 11.4 5.0 2.5 2 0 2 4 4
-412.2 -2420.5 -2.1 102 0 20.9 17.1 12.5 2.5 2 0 5 4 4
1304.6 -2073.9 -1.6 90 0 11.9 13.1 5.0 2.5 2 1 2 1 1
1290.1 -2072.2 -1.8 89 0 13.0 15.8 10.0 2.5 2 1 4 4 4
1311.2 -1992.1 -2.1 181 0 11.9 20.4 7.5 2.5 2 1 3 3 3
1499.0 -1993.0 -1.2 90 0 17.2 14.6 7.5 2.5 2 0 3 2 2
1521.1 -1966.3 -0.6 357 0 16.0 15.7 7.5 2.5 2 0 3 5 5
1435.6 -2049.4 -2.0 273 0 14.8 26.7 7.5 2.5 2 1 3 0 0
1481.4 -2098.4 -2.1 189 0 31.7 8.5 7.5 2.5 2 0 3 0 0
6599.1 -3956.8 -2.2 97 0 28.7 43.8 10.0 0.0 0 1 4 0 0
6826.0 -3918.6 -3.9 295 0 15.6 13.0 5.0 2.5 2 0 2 5 5
6825.8 -4018.8 -7.8 115 0 11.7 26.9 10.0 2.5 2 1 4 3 3
6913.3 -4010.0 -9.3 22 0 169.0 57.8 15.0 0.0 0 0 6 0 0
4784.4 -3127.7 -0.2 10 0 14.0 17.8 7.5 2.5 2 1 3 0 0
4692.1 -2987.6 3.2 111 0 13.7 11.8 7.5 2.5 4 0 3 1 1
4645.9 -2935.8 1.7 205 0 12.5 5.8 2.5 2.5 2 0 1 3 3
4619.0 -2978.1 -0.4 204 0 15.5 12.0 5.0 2.5 2 0 2 3 3
4593.1 -3037.0 -0.7 203 0 8.8 13.1 7.5 2.5 2 1 3 0 0
4613.0 -3011.6 -0.6 296 0 12.2 16.7 10.0 2.5 2 1 4 3 3
4626.7 -3060.5 -0.3 113 0 13.0 14.5 5.0 2.5 4 1 2 1 1
4626.2 -3077.1 -1.5 21 0 13.2 10.5 7.5 0.0 0 0 3 5 5
4583.6 -3059.6 -1.1 202 0 12.5 13.0 5.0 2.5 2 1 2 1 1
4619.1 -3008.2 -0.6 114 0 24.1 10.6 10.0 2.5 2 0 4 5 5
4652.5 -3044.9 0.9 204 0 11.3 17.0 5.0 2.5 2 1 2 2 2
4661.3 -3074.8 0.1 115 0 11.2 16.8 10.0 2.5 2 1 4 1 1
4722.6 -3085.7 1.6 112 0 6.9 12.1 5.0 2.5 2 1 2 2 2
4375.2 -3049.4 -4.6 117 0 11.2 11.1 2.5 2.5 2 0 1 0 0
4625.0 -2923.0 0.9 114 0 11.5 17.8 7.5 0.0 0 1 3 5 5
4614.3 -2921.3 0.5 111 0 7.2 8.0 2.5 2.5 4 1 1 2 2
4581.4 -2923.5 0.0 205 0 15.4 16.8 5.0 2.5 2 1 2 2 2
4615.7 -2959.1 -0.4 29 0 10.0 17.3 2.5 2.5 2 1 1 0 0
4601.1 -2978.2 -0.7 116 0 12.4 15.0 5.0 0.0 0 1 2 2 2
4564.6 -2972.0 -0.7 295 0 11.7 12.8 5.0 2.5 2 1 2 5 5
4556.9 -3028.2 -0.7 116 0 9.4 17.6 7.5 2.5 2 1 3 5 5
4591.5 -3016.0 -0.7 25 0 12.4 12.2 2.5 2.5 2 0 1 1 1
4556.7 -3076.8 -1.1 112 0 13.0 16.3 5.0 2.5 4 1 2 0 0
4518.7 -3043.7 -0.1 204 0 11.4 16.5 10.0 2.5 2 1 4 3 3
4574.3 -3055.3 -0.6 22 0 11.8 17.5 7.5 2.5 2 1 3 5 5
4509.7 -3043.8 -0.4 31 0 16.6 13.3 5.0 2.5 4 0 2 2 2
4455.3 -3018.7 -1.3 201 0 13.3 12.1 5.0 2.5 2 0 2 5 5
4425.6 -2973.2 -1.9 295 0 11.6 14.0 7.5 2.5 4 1 3 5 5
4524.3 -2939.3 -0.4 117 0 8.8 11.9 7.5 2.5 4 1 3 1 1
4511.9 -2886.7 0.0 205 0 10.2 10.4 2.5 2.5 4 1 1 3 3
4574.3 -2919.9 0.1 28 0 10.3 11.9 2.5 0.0 0 1 1 5 5
4542.6 -2834.8 -0.3 267 0 10.8 23.3 10.0 2.5 4 1 4 0 0
4558.3 -2871.5 0.3 118 0 20.7 11.1 2.5 2.5 2 0 1 5 5
3984.0 -2941.0 -3.3 118 0 9.1 28.5 7.5 2.5 2 1 3 0 0
4124.5 -2774.2 2.5 296 0 12.4 9.9 7.5 0.0 0 0 3 0 0
4245.5 -2817.9 0.1 118 0 8.2 6.2 7.5 0.0 0 0 3 1 1
4244.3 -2891.3 -1.4 293 0 12.7 17.6 5.0 2.5 2 1 2 3 3
4321.4 -2877.8 -0.9 31 0 18.7 15.5 10.0 2.5 4 0 4 0 0
4305.1 -2931.4 -2.5 24 0 7.0 14.8 5.0 2.5 2 1 2 1 1
4364.7 -2952.6 -2.8 21 0 11.9 16.6 5.0 2.5 2 1 2 4 4
4320.6 -2907.9 -2.0 207 0 13.0 17.1 2.5 2.5 2 1 1 1 1
4332.2 -2878.7 -1.0 205 0 12.9 15.8 7.5 2.5 2 1 3 4 4
4375.8 -2918.8 -1.5 15 0 8.9 17.7 7.5 2.5 4 1 3 5 5
4397.3 -2996.0 -3.0 26 0 13.3 29.2 10.0 2.5 4 1 4 3 3
4377.9 -2951.5 -2.7 289 0 12.7 18.0 2.5 2.5 2 1 1 0 0
4384.0 -2944.9 -1.8 114 0 15.5 15.4 7.5 2.5 2 0 3 0 0
4400.1 -2875.1 -1.5 203 0 10.0 11.6 5.0 2.5 2 1 2 5 5
4451.4 -2875.7 -1.2 24 0 20.8 10.9 5.0 2.5 4 0 2 2 2
4452.3 -2853.3 -0.6 115 0 14.2 20.4 7.5 2.5 2 1 3 0 0
4528.5 -2831.2 -0.9 28 0 23.4 13.9 7.5 2.5 4 0 3 3 3
4460.6 -2877.4 -0.9 208 0 11.7 11.8 5.0 2.5 4 1 2 5 5
4450.7 -2894.0 -1.3 208 0 19.5 11.0 7.5 2.5 2 0 3 1 1
4433.5 -2933.2 -1.5 203 0 10.6 10.3 5.0 2.5 2 0 2 3 3
4472.4 -2952.5 -1.2 27 0 10.2 11.5 5.0 2.5 2 1 2 0 0
4516.6 -2853.8 -0.1 25 0 9.9 10.2 2.5 2.5 2 1 1 1 1
4500.5 -2872.8 -0.1 122 0 9.7 15.7 5.0 2.5 2 1 2 3 3
4416.3 -2830.0 -0.9 205 0 15.9 12.5 7.5 2.5 2 0 3 0 0
4266.9 -2880.5 -1.0 202 0 10.6 10.3 5.0 2.5 4 0 2 5 5
4341.9 -2827.3 -0.7 20 0 16.4 14.3 7.5 2.5 2 0 3 0 0
4398.6 -2852.6 -1.2 21 0 11.0 11.9 5.0 2.5 2 1 2 0 0
4374.8 -2873.1 -1.3 113 0 11.4 20.3 2.5 2.5 2 1 1 2 2
4348.7 -2828.2 -0.9 203 0 18.1 16.6 7.5 2.5 2 0 3 2 2
4546.0 -2999.1 -0.7 208 0 10.4 10.3 7.5 2.5 2 0 3 2 2
4533.9 -2999.2 -0.7 29 0 20.9 15.8 7.5 2.5 2 0 3 1 1
4445.1 -2836.6 -0.3 114 0 10.6 7.6 5.0 2.5 2 0 2 3 3
4468.4 -2861.5 -0.4 115 0 8.7 20.6 7.5 0.0 0 1 3 1 1
4477.6 -2834.8 0.0 208 0 9.3 9.0 7.5 0.0 0 0 3 5 5
4487.3 -2810.7 -0.8 205 0 21.9 11.6 10.0 2.5 2 0 4 5 5
4311.1 -2793.3 -0.4 111 0 12.9 17.4 7.5 2.5 2 1 3 1 1
4291.6 -2785.1 -0.2 114 0 14.3 15.8 7.5 2.5 2 1 3 0 0
4311.3 -2756.7 -1.5 26 0 27.3 10.6 12.5 2.5 2 0 5 4 4
4258.3 -2769.9 -0.0 114 0 18.7 15.0 10.0 2.5 2 0 4 4 4
4414.1 -2958.1 -1.7 27 0 7.5 12.6 2.5 2.5 2 1 1 0 0
4402.9 -2984.0 -2.4 26 0 9.4 12.5 5.0 2.5 2 1 2 4 4
4404.2 -2893.5 -1.5 294 0 19.3 14.1 10.0 2.5 2 0 4 5 5
4260.5 -2781.7 0.2 294 0 18.5 12.0 2.5 2.5 2 0 1 1 1
2821.9 -2284.8 -2.4 199 0 17.2 20.6 7.5 2.5 2 1 3 3 3
2762.3 -2292.8 -2.3 201 0 15.6 15.4 7.5 2.5 2 0 3 2 2
2749.6 -2291.5 -2.2 21 0 8.9 10.5 5.0 2.5 2 1 2 5 5
2795.4 -2161.1 -1.2 201 0 11.5 16.4 2.5 2.5 2 1 1 1 1
2809.9 -2145.8 -0.8 198 0 7.2 14.1 7.5 2.5 2 1 3 5 5
2570.4 -2260.1 -2.2 179 0 10.3 30.1 7.5 2.5 2 1 3 5 5
2537.5 -2168.0 -1.8 267 0 9.5 7.9 5.0 2.5 2 0 2 1 1
2416.3 -2198.4 -3.2 357 0 13.6 20.6 7.5 2.5 4 1 3 3 3
2407.1 -2094.2 -3.1 266 0 14.6 22.0 7.5 2.5 2 1 3 4 4
2390.8 -2102.9 -3.2 269 0 13.3 11.9 2.5 2.5 2 0 1 5 5
2297.6 -2022.9 -3.0 356 0 12.7 8.9 2.5 2.5 2 0 1 3 3
2301.1 -2095.6 -2.9 267 0 11.1 13.9 7.5 2.5 2 1 3 1 1
2290.9 -2120.9 -2.9 177 0 12.3 16.7 2.5 2.5 2 1 1 0 0
2248.3 -2016.1 -2.6 85 0 9.3 14.9 5.0 2.5 2 1 2 0 0
2178.6 -2017.0 -1.9 89 0 11.9 14.2 7.5 2.5 2 1 3 1 1
2172.1 -1981.7 -1.9 178 0 17.3 12.4 5.0 2.5 2 0 2 0 0
2153.7 -2070.8 -1.7 88 0 12.6 15.3 5.0 2.5 2 1 2 4 4
2081.5 -2055.8 -1.8 88 0 7.2 7.2 7.5 2.5 2 0 3 5 5
2165.9 -2084.7 -1.7 268 0 19.5 9.6 5.0 2.5 2 0 2 3 3
2105.8 -2019.9 -2.1 89 0 15.2 13.8 5.0 2.5 2 0 2 2 2
2070.7 -1881.9 -2.3 176 0 14.3 12.2 2.5 2.5 2 0 1 3 3
2081.0 -1920.3 -2.7 87 0 12.7 14.9 7.5 2.5 2 1 3 2 2
2065.6 -1814.5 -1.3 268 0 9.0 12.1 7.5 0.0 0 1 3 1 1
1922.0 -1618.8 -0.3 94 0 12.5 11.8 7.5 2.5 2 0 3 1 1
1990.3 -1893.4 -2.3 274 0 16.1 20.9 10.0 2.5 2 1 4 2 2
1968.9 -1902.7 -2.4 273 0 20.8 18.3 10.0 2.5 2 0 4 5 5
1947.6 -1897.4 -2.4 273 0 18.5 21.0 7.5 2.5 2 1 3 0 0
1918.6 -1938.6 -2.8 93 0 22.9 11.5 10.0 2.5 2 0 4 1 1
1705.0 -2274.3 -1.3 89 0 29.5 24.3 7.5 0.0 0 0 3 4 4
1374.4 -2073.5 -0.9 89 0 12.7 11.5 7.5 2.5 4 0 3 4 4
1389.3 -2073.1 -0.9 90 0 12.3 11.2 5.0 2.5 2 0 2 4 4
1392.3 -2048.5 -1.1 269 0 10.6 7.9 7.5 2.5 2 0 3 5 5
1438.3 -1989.1 -1.1 91 0 10.9 11.7 2.5 2.5 2 1 1 4 4
1813.0 -1882.1 -1.5 185 0 19.1 12.6 7.5 2.5 2 0 3 2 2
1838.3 -1706.0 -1.0 296 0 19.3 15.9 10.0 2.5 2 0 4 5 5
1829.7 -1685.1 -1.4 300 0 13.4 10.4 7.5 2.5 2 0 3 0 0
1767.4 -1659.8 -1.0 299 0 15.1 10.6 2.5 2.5 2 0 1 5 5
1774.3 -1642.4 -1.6 119 0 11.0 12.1 2.5 2.5 2 1 1 2 2
1758.9 -1628.7 -1.6 119 0 10.4 13.8 5.0 2.5 2 1 2 1 1
1764.8 -1580.5 -2.0 208 0 13.0 11.9 7.5 2.5 2 0 3 4 4
61.1 -2084.1 -0.9 289 0 17.7 14.0 7.5 2.5 2 0 3 4 4
64.5 -2183.5 -1.8 18 0 13.0 10.8 2.5 2.5 4 0 1 4 4
37.7 -2375.0 -0.4 107 0 14.4 16.1 7.5 0.0 0 1 3 1 1
42.0 -2440.0 0.3 287 0 9.7 12.4 7.5 2.5 2 1 3 5 5
6.2 -2482.6 0.5 195 0 12.2 12.2 5.0 0.0 0 1 2 3 3
21.6 -2511.0 0.6 107 0 9.1 21.8 7.5 2.5 4 1 3 2 2
77.6 -2445.9 0.3 287 0 16.5 15.6 10.0 0.0 0 0 4 5 5
579.8 -1973.5 -2.4 276 0 13.4 13.7 5.0 2.5 2 1 2 0 0
549.4 -1974.1 -2.2 272 0 14.5 11.3 5.0 2.5 2 0 2 1 1
481.9 -1989.2 -1.4 91 0 15.3 16.1 10.0 2.5 2 1 4 3 3
430.5 -1965.9 -0.7 214 0 17.7 17.2 10.0 2.5 2 0 4 3 3
451.3 -1992.1 -1.0 89 0 11.2 13.6 2.5 2.5 2 1 1 0 0
701.6 -2160.6 -3.9 88 0 13.9 12.2 5.0 2.5 2 0 2 1 1
698.3 -2085.3 -3.9 89 0 11.5 12.6 5.0 2.5 4 1 2 3 3
644.2 -2054.1 -3.4 271 0 12.7 13.2 5.0 2.5 2 1 2 5 5
628.3 -2069.0 -3.5 92 0 13.3 14.4 2.5 2.5 2 1 1 4 4
595.1 -2086.1 -3.7 91 0 9.8 16.2 5.0 2.5 2 1 2 0 0
550.5 -2064.5 -3.3 178 0 14.0 27.6 5.0 2.5 4 1 2 4 4
2122.1 -1957.5 -2.5 177 0 18.6 9.3 5.0 2.5 2 0 2 0 0
2226.7 -2144.2 -2.3 130 0 7.7 12.9 5.0 2.5 2 1 2 2 2
2366.5 -2153.6 -3.0 269 0 7.9 9.3 7.5 2.5 2 1 3 2 2
-503.6 -2339.9 -3.3 12 0 27.1 11.7 15.0 0.0 0 0 6 1 1
-551.7 -2379.0 -6.1 96 0 18.3 15.9 12.5 2.5 2 0 5 3 3
-405.6 -2496.4 -2.5 14 0 11.3 26.0 7.5 2.5 2 1 3 4 4
-416.8 -2479.5 -2.4 14 0 11.6 18.7 5.0 2.5 2 1 2 3 3
335.2 -2330.9 2.6 16 0 19.1 29.2 10.0 2.5 2 1 4 2 2
328.3 -2356.3 3.0 21 0 17.8 27.9 10.0 2.5 2 1 4 4 4
125.6 -2067.7 -1.1 189 0 12.2 12.8 7.5 2.5 4 1 3 5 5
125.1 -2089.7 -1.0 107 0 12.4 11.3 10.0 0.0 0 0 4 1 1
147.7 -2098.8 -0.7 107 0 12.0 14.7 5.0 2.5 2 1 2 3 3
163.0 -2068.8 -0.8 15 0 9.4 11.7 2.5 2.5 2 1 1 0 0
101.7 -2214.8 -1.2 17 0 9.2 10.0 5.0 2.5 2 1 2 0 0
120.2 -2211.3 -0.9 21 0 11.3 11.8 7.5 2.5 2 1 3 4 4
125.0 -2196.0 -0.9 17 0 11.0 12.6 5.0 2.5 2 1 2 0 0
96.5 -2300.1 -1.1 17 0 11.4 13.8 2.5 2.5 4 1 1 0 0
57.9 -2468.8 0.4 194 0 13.8 14.9 7.5 2.5 2 1 3 2 2
55.0 -2487.1 0.5 198 0 15.0 12.8 5.0 2.5 2 0 2 1 1
119.3 -2401.4 0.0 283 0 13.3 16.0 2.5 2.5 2 1 1 0 0
110.7 -2451.6 0.2 111 0 13.5 18.4 2.5 2.5 2 1 1 0 0
77.4 -2435.0 0.2 107 0 14.0 11.8 10.0 2.5 2 0 4 3 3
89.0 -2389.6 -0.3 106 0 16.3 15.6 10.0 2.5 4 0 4 4 4
160.4 -2124.6 -0.1 195 0 12.0 14.9 2.5 2.5 2 1 1 2 2
155.7 -2139.5 -0.2 199 0 13.1 12.5 5.0 0.0 0 0 2 5 5
239.1 -2186.4 -0.9 108 0 14.8 22.3 7.5 2.5 2 1 3 5 5
207.8 -2194.2 -0.4 200 0 16.2 10.8 5.0 2.5 2 0 2 4 4
273.7 -2194.8 -1.2 108 0 10.8 14.5 10.0 2.5 2 1 4 3 3
276.3 -2171.1 -1.3 199 0 11.2 19.8 5.0 2.5 2 1 2 3 3
313.5 -2196.5 0.4 18 0 16.1 12.8 5.0 2.5 2 0 2 5 5
329.1 -2186.7 0.7 195 0 25.4 14.5 15.0 0.0 0 0 6 3 3
416.9 -2264.7 3.0 289 0 10.5 13.7 7.5 2.5 2 1 3 0 0
396.9 -2287.4 3.4 107 0 10.7 12.7 5.0 2.5 2 1 2 5 5
475.5 -2337.0 1.4 288 0 13.4 10.6 5.0 2.5 2 0 2 4 4
463.0 -2352.4 1.6 195 0 9.3 14.5 7.5 2.5 2 1 3 4 4
489.3 -2339.4 1.4 289 0 8.2 13.0 7.5 2.5 2 1 3 4 4
459.5 -2385.2 2.4 111 0 10.4 11.2 7.5 2.5 2 1 3 1 1
459.4 -2365.8 2.0 198 0 9.2 13.4 7.5 2.5 2 1 3 2 2
472.1 -2389.8 2.2 108 0 9.6 11.6 5.0 2.5 2 1 2 0 0
500.1 -2344.1 1.4 288 0 10.3 13.1 5.0 2.5 2 1 2 2 2
523.2 -2351.0 1.5 286 0 11.5 11.3 7.5 2.5 2 0 3 0 0
519.0 -2383.3 1.7 17 0 10.7 13.5 5.0 2.5 4 1 2 4 4
502.5 -2399.6 1.9 109 0 25.9 12.0 10.0 2.5 2 0 4 1 1
482.3 -2280.8 1.5 195 0 9.6 16.2 7.5 2.5 4 1 3 1 1
477.5 -2328.6 1.2 107 0 16.4 11.5 10.0 2.5 2 0 4 4 4
475.2 -2307.4 1.2 198 0 10.9 16.6 5.0 2.5 2 1 2 2 2
541.2 -2293.0 0.6 286 0 11.5 11.0 5.0 2.5 2 0 2 3 3
495.4 -2269.5 0.8 111 0 12.6 10.8 7.5 2.5 2 0 3 4 4
495.6 -2250.4 0.3 199 0 9.7 11.6 5.0 2.5 2 1 2 5 5
510.4 -2221.1 -0.4 287 0 13.5 10.5 2.5 2.5 2 0 1 5 5
558.7 -2236.2 -1.5 288 0 11.0 10.4 2.5 2.5 2 0 1 5 5
558.2 -2255.6 -1.0 20 0 9.8 13.6 7.5 2.5 2 1 3 5 5
554.7 -2268.9 -0.5 21 0 8.7 12.3 2.5 2.5 2 1 1 0 0
543.2 -2283.9 -0.2 108 0 12.7 11.3 7.5 2.5 2 0 3 2 2
593.7 -2196.0 -3.4 197 0 40.7 21.2 17.5 0.0 0 0 7 5 5
569.2 -2292.5 -0.0 111 0 12.0 9.9 2.5 2.5 2 0 1 3 3
568.8 -2272.5 -0.5 197 0 10.1 13.3 5.0 2.5 2 1 2 5 5
613.7 -2264.6 -0.6 291 0 6.5 14.2 5.0 2.5 2 1 2 1 1
566.6 -2301.3 0.6 287 0 13.3 9.4 7.5 2.5 2 0 3 0 0
613.9 -2315.5 1.5 288 0 11.5 10.7 7.5 2.5 2 0 3 1 1
613.3 -2334.8 1.7 20 0 9.6 12.0 5.0 2.5 2 1 2 0 0
610.1 -2347.5 1.6 19 0 9.7 13.2 7.5 2.5 2 1 3 3 3
575.2 -2354.9 1.4 110 0 9.2 11.8 2.5 2.5 2 1 1 0 0
557.7 -2413.1 1.3 109 0 11.0 12.2 2.5 2.5 2 1 1 3 3
534.2 -2406.7 1.6 108 0 12.1 10.6 5.0 2.5 2 0 2 4 4
597.0 -2373.5 1.6 291 0 11.5 10.2 2.5 2.5 4 0 1 4 4
569.9 -2383.5 1.3 286 0 10.0 7.6 7.5 2.5 2 0 3 0 0
592.5 -2405.5 1.5 18 0 9.1 12.7 5.0 2.5 4 1 2 2 2
580.1 -2431.1 1.4 289 0 13.2 10.4 10.0 0.0 0 0 4 5 5
516.7 -2465.3 2.0 108 0 12.2 10.8 10.0 2.5 2 0 4 5 5
515.9 -2444.8 2.0 198 0 11.4 12.4 5.0 2.5 4 1 2 5 5
563.1 -2481.1 1.5 110 0 14.4 10.4 5.0 2.5 2 0 2 5 5
632.6 -2435.4 2.0 110 0 10.0 11.6 5.0 2.5 2 1 2 1 1
645.6 -2388.6 2.1 287 0 10.1 13.9 5.0 2.5 2 1 2 0 0
670.5 -2393.7 2.3 284 0 14.3 12.5 2.5 2.5 2 0 1 0 0
649.7 -2377.2 2.1 108 0 10.5 12.4 2.5 2.5 2 1 1 5 5
1756.6 -2049.7 -2.5 270 0 20.6 10.5 5.0 2.5 2 0 2 1 1
1730.3 -2050.9 -2.7 271 0 6.7 9.9 7.5 2.5 2 1 3 5 5
1715.0 -2051.5 -2.9 269 0 11.4 10.6 5.0 2.5 2 0 2 0 0
1835.5 -1914.0 -2.1 4 0 5.0 10.5 5.0 2.5 2 1 2 1 1
1838.9 -1860.1 -1.0 5 0 7.7 13.5 5.0 0.0 0 1 2 3 3
1818.2 -1841.0 -0.7 184 0 12.8 19.6 10.0 2.5 2 1 4 2 2
5938.2 -3566.1 -3.3 117 0 15.0 10.4 5.0 2.5 2 0 2 4 4
5922.6 -3558.2 -3.3 117 0 14.5 9.1 2.5 2.5 4 0 1 4 4
5879.9 -3522.7 -3.0 118 0 14.0 17.1 5.0 2.5 2 1 2 5 5
5825.7 -3481.4 -1.9 208 0 15.7 17.8 7.5 2.5 2 1 3 2 2
6873.3 -3904.8 -5.5 294 0 17.9 31.7 10.0 2.5 2 1 4 1 1
6844.8 -3930.0 -5.1 297 0 12.3 14.9 7.5 2.5 2 1 3 2 2
6822.6 -3959.3 -5.8 204 0 19.4 10.6 5.0 2.5 2 0 2 1 1
4404.9 -3061.2 -4.2 25 0 9.0 18.7 5.0 2.5 2 1 2 5 5
3659.4 -2807.8 -2.6 18 0 10.4 29.1 10.0 2.5 2 1 4 2 2
3633.7 -2760.6 -2.5 294 0 7.8 16.5 7.5 2.5 2 1 3 5 5
2602.3 -2190.5 -1.6 267 0 17.3 10.6 5.0 2.5 2 0 2 0 0
2469.4 -2090.8 -2.5 269 0 13.3 11.9 5.0 2.5 4 0 2 0 0
