-5476.6 -4658.2 -6.4 116 0 13.4 28.8 10.0 2.5 2 1 4 0 0
-5682.5 -4580.9 -4.3 290 0 9.9 12.8 5.0 2.5 2 1 2 3 3
-5626.3 -4604.2 -4.3 288 0 12.1 13.1 7.5 2.5 2 1 3 0 0
-4512.9 -4720.5 -4.9 307 0 15.7 17.6 7.5 2.5 4 1 3 4 4
-4526.4 -4862.1 -5.2 119 0 7.5 8.5 7.5 2.5 2 1 3 4 4
-5655.0 -4591.6 -4.3 289 0 12.0 14.3 7.5 2.5 4 1 3 1 1
-5095.3 -4359.1 -1.8 26 0 39.4 20.9 12.5 0.0 0 0 5 2 2
-5170.5 -4311.5 -3.9 205 0 60.0 19.8 7.5 2.5 2 0 3 4 4
-5154.7 -4387.1 -2.8 116 0 34.0 21.2 7.5 0.0 0 0 3 2 2
-6881.4 -3975.4 -7.6 201 0 64.0 39.6 12.5 0.0 0 0 5 0 0
-5023.3 -4365.7 0.5 115 0 27.8 11.6 10.0 2.5 2 0 4 3 3
-5063.9 -4341.9 0.8 114 0 25.0 12.7 7.5 2.5 2 0 3 4 4
-2283.0 -6734.5 -5.7 302 0 33.6 38.2 10.5 0.0 0 1 3 3 3
-2474.9 -6786.9 -3.9 129 0 27.4 26.7 10.5 0.0 0 0 3 4 4
-2545.7 -6746.8 -8.0 307 0 57.7 36.4 14.0 0.0 0 0 4 2 2
-2617.8 -6720.2 -9.2 214 0 51.4 38.5 14.0 0.0 0 0 4 4 4
-2420.9 -6668.5 -4.2 313 0 9.0 7.6 10.5 3.5 2 0 3 5 5
-2474.8 -6706.2 -3.3 39 0 26.1 23.9 14.0 0.0 0 0 4 4 4
-2501.9 -6751.3 -3.5 220 0 20.0 29.7 10.5 0.0 0 0 3 0 0
-2660.5 -6703.3 -8.2 214 0 29.8 24.4 10.5 0.0 0 0 3 1 1
-6304.2 -4270.5 -5.7 144 0 8.7 8.8 7.5 0.0 0 1 3 0 0
-2601.4 -6521.4 -2.7 305 0 12.6 22.0 10.5 3.5 2 1 3 3 3
-2471.5 -6851.3 -7.6 122 0 13.5 23.6 14.0 3.5 2 1 4 2 2
-2489.3 -6527.7 -2.5 73 0 8.8 14.9 10.5 3.5 2 1 3 2 2
-2280.0 -6689.2 -5.6 36 0 21.0 11.8 10.5 3.5 2 0 3 4 4
-2292.4 -6641.4 -5.1 299 0 36.2 13.6 10.5 3.5 2 0 3 2 2
-2596.6 -6675.0 -3.4 38 0 17.4 12.1 14.0 0.0 0 0 4 1 1
-2338.9 -6726.6 -5.6 129 0 12.6 23.1 10.5 3.5 2 1 3 1 1
-2447.6 -6488.9 -1.4 121 0 11.5 13.1 14.0 3.5 2 1 4 4 4
-2522.6 -6552.2 -2.9 129 0 11.2 13.6 14.0 3.5 2 1 4 4 4
-2536.4 -6538.0 -2.7 137 0 15.0 9.4 10.5 0.0 0 0 3 3 3
-2549.6 -6494.7 -2.4 114 0 10.9 12.4 14.0 3.5 2 1 4 4 4
-2567.1 -6405.0 -2.4 117 0 8.9 13.3 10.5 3.5 2 1 3 0 0
-2565.3 -6378.6 -2.1 201 0 13.9 13.1 14.0 3.5 2 0 4 0 0
-2507.2 -6476.2 -1.9 207 0 14.4 9.8 10.5 3.5 2 0 3 0 0
-2497.0 -6402.5 -2.3 211 0 12.8 10.2 14.0 3.5 2 0 4 1 1
-2483.0 -6464.0 -1.8 127 0 14.2 11.7 14.0 3.5 2 0 4 5 5
-2465.2 -6502.7 -2.0 211 0 16.6 11.8 10.5 3.5 4 0 3 2 2
-2479.1 -6430.4 -2.2 211 0 12.0 12.8 14.0 3.5 2 1 4 3 3
-2441.8 -6436.9 -2.0 31 0 10.7 8.3 10.5 3.5 2 0 3 4 4
-2456.5 -6474.2 -1.6 31 0 11.8 9.1 10.5 3.5 2 0 3 3 3
-2430.3 -6450.9 -1.7 213 0 13.2 13.6 14.0 3.5 2 1 4 1 1
-5252.5 -4350.9 -2.8 301 0 10.3 22.0 7.5 2.5 2 1 3 4 4
-5047.8 -4300.9 0.6 297 0 13.8 10.3 10.0 2.5 2 0 4 4 4
-5127.1 -4434.2 -1.2 123 0 9.4 18.2 5.0 0.0 0 1 2 1 1
-5125.6 -4290.6 -3.2 295 0 12.7 9.0 7.5 2.5 2 0 3 2 2
-4532.6 -4821.2 -3.9 22 0 9.9 5.6 5.0 2.5 2 0 2 4 4
-6744.2 -4144.8 -11.3 286 0 44.0 10.2 10.0 2.5 2 0 4 2 2
-6698.1 -4157.2 -11.4 285 0 42.1 11.5 12.5 2.5 2 0 5 1 1
-6686.9 -4111.7 -4.7 68 0 8.2 24.7 7.5 2.5 2 1 3 3 3
-6703.9 -4063.5 -3.2 69 0 8.2 18.7 2.5 2.5 2 1 1 4 4
-6713.5 -4069.3 -3.5 70 0 8.4 19.9 7.5 2.5 2 1 3 5 5
-6693.8 -4008.5 -2.7 250 0 9.0 20.9 5.0 0.0 0 1 2 2 2
-6683.2 -4003.0 -2.3 250 0 8.5 17.1 5.0 0.0 0 1 2 4 4
-6672.8 -3999.6 -2.0 252 0 9.0 15.1 2.5 2.5 2 1 1 2 2
-6649.2 -4009.9 -1.8 250 0 8.4 20.7 2.5 2.5 2 1 1 4 4
-6660.7 -4027.6 -2.0 160 0 21.1 8.4 7.5 2.5 2 0 3 4 4
-6668.6 -4056.8 -2.6 160 0 18.6 8.6 2.5 2.5 2 0 1 4 4
-6715.4 -3985.6 -3.4 26 0 9.0 16.7 7.5 2.5 2 1 3 3 3
-6793.4 -4001.9 -4.1 22 0 13.1 20.3 10.0 2.5 2 1 4 5 5
-6811.2 -4077.6 -5.2 113 0 11.8 29.6 10.0 2.5 2 1 4 4 4
-6835.7 -3987.1 -4.2 200 0 7.4 10.7 7.5 2.5 2 1 3 2 2
-6897.9 -4110.4 -8.4 199 0 9.0 19.8 7.5 2.5 2 1 3 3 3
-6911.1 -4070.1 -6.5 196 0 27.3 10.7 7.5 2.5 2 0 3 0 0
-6896.6 -4072.8 -6.4 210 0 21.3 16.8 7.5 2.5 2 0 3 2 2
-6178.7 -3730.6 -0.8 266 0 13.2 18.7 7.5 2.5 4 1 3 2 2
-6214.4 -3783.8 0.5 87 0 13.3 18.7 2.5 2.5 2 1 1 5 5
-6354.9 -3668.4 -1.0 86 0 12.2 20.0 5.0 2.5 2 1 2 0 0
-6885.3 -4044.4 -7.5 112 0 33.3 26.9 10.0 0.0 0 0 4 3 3
-6859.1 -4053.8 -5.8 112 0 9.6 33.7 7.5 2.5 2 1 3 4 4
-6843.2 -4021.4 -4.8 112 0 10.9 21.8 7.5 2.5 2 1 3 2 2
-2971.5 -6154.7 -6.0 129 0 15.2 12.9 7.5 2.5 2 0 3 5 5
-2906.3 -6208.7 -5.5 133 0 10.6 9.7 7.5 2.5 2 0 3 5 5
-2879.0 -6411.6 0.4 219 0 19.0 23.4 14.0 3.5 2 1 4 5 5
-2047.7 -6821.1 2.1 134 0 14.8 15.5 10.5 3.5 2 1 3 0 0
-2040.6 -6782.6 2.6 48 0 9.0 13.4 10.5 3.5 2 1 3 4 4
-2064.1 -6796.3 1.4 138 0 11.7 15.1 14.0 3.5 2 1 4 3 3
-2065.2 -6752.2 1.9 224 0 5.0 12.0 10.5 3.5 2 1 3 2 2
-2079.0 -6777.1 0.6 133 0 12.7 17.6 14.0 3.5 2 1 4 5 5
-2070.7 -6707.1 0.8 231 0 14.3 10.0 10.5 3.5 2 0 3 4 4
-2819.1 -6240.9 -4.1 308 0 12.7 15.4 14.0 3.5 2 1 4 4 4
-2759.0 -6245.8 -1.5 312 0 13.2 16.3 14.0 3.5 2 1 4 1 1
-2829.7 -6282.6 -4.0 134 0 10.7 16.1 14.0 3.5 2 1 4 5 5
-2855.9 -6397.5 -0.3 127 0 13.5 9.6 10.5 3.5 2 0 3 0 0
-2806.0 -6362.7 -1.8 129 0 12.1 13.1 14.0 3.5 2 1 4 4 4
-2772.3 -6344.9 -1.2 309 0 14.8 12.8 14.0 0.0 0 0 4 3 3
-2778.2 -6381.9 -1.0 40 0 14.0 18.8 14.0 3.5 2 1 4 1 1
-2745.2 -6450.2 0.4 41 0 15.1 11.6 14.0 3.5 2 0 4 4 4
-2755.2 -6429.2 0.6 314 0 13.7 13.2 14.0 3.5 2 0 4 5 5
-2732.8 -6356.6 -0.8 41 0 11.8 15.7 14.0 3.5 2 1 4 5 5
-2728.7 -6329.5 -1.2 39 0 12.1 8.3 10.5 3.5 4 0 3 4 4
-2735.2 -6312.6 -1.3 312 0 10.3 16.0 14.0 3.5 4 1 4 3 3
-2776.0 -6310.1 -2.1 129 0 23.1 10.7 14.0 3.5 2 0 4 1 1
-2657.9 -6347.9 -1.0 41 0 11.5 9.7 10.5 3.5 2 0 3 5 5
-2715.7 -6345.7 -1.4 218 0 13.9 22.8 10.5 3.5 4 1 3 1 1
-2762.6 -6379.6 -0.1 219 0 10.1 9.7 10.5 3.5 2 0 3 0 0
-2735.9 -6376.7 -0.5 308 0 12.7 10.8 10.5 3.5 2 0 3 4 4
-2715.9 -6415.2 -1.3 41 0 21.9 27.6 10.5 3.5 2 1 3 5 5
-2687.9 -6418.0 -2.3 310 0 25.2 10.6 14.0 3.5 2 0 4 0 0
-2608.8 -6359.3 -1.5 27 0 16.7 18.1 10.5 3.5 2 1 3 1 1
-2646.7 -6432.1 -2.6 44 0 13.1 12.1 10.5 3.5 2 0 3 0 0
-2605.4 -6403.7 -2.5 301 0 12.3 9.3 10.5 3.5 2 0 3 3 3
-2767.0 -6571.3 1.9 306 0 13.3 16.7 14.0 3.5 2 1 4 2 2
-2756.2 -6557.5 0.8 128 0 20.4 15.5 14.0 3.5 2 0 4 3 3
-2780.0 -6502.9 1.8 216 0 11.3 20.1 14.0 3.5 2 1 4 1 1
-2636.0 -6429.7 -2.5 204 0 21.0 10.4 10.5 3.5 2 0 3 3 3
-2608.3 -6396.5 -2.4 120 0 12.6 16.4 14.0 3.5 2 1 4 5 5
-2591.6 -6403.7 -2.5 114 0 10.2 17.8 14.0 3.5 2 1 4 1 1
-2605.8 -6369.0 -1.9 206 0 12.2 11.2 14.0 3.5 2 0 4 3 3
-2518.0 -6439.5 -2.2 127 0 11.9 17.2 14.0 3.5 2 1 4 4 4
-2528.2 -6495.4 -2.3 26 0 18.2 10.7 14.0 0.0 0 0 4 4 4
-2512.4 -6408.8 -2.3 37 0 15.9 13.2 14.0 3.5 2 0 4 3 3
-2488.6 -6426.8 -2.1 31 0 15.4 11.0 14.0 3.5 2 0 4 5 5
-2010.0 -6869.6 1.2 311 0 15.6 14.6 14.0 3.5 2 0 4 5 5
-2058.9 -6889.0 -0.5 43 0 11.8 22.9 10.5 3.5 2 1 3 0 0
-2110.5 -6939.6 -0.6 46 0 15.7 12.7 14.0 3.5 2 0 4 5 5
-2088.7 -6919.4 -2.3 45 0 14.5 14.6 14.0 3.5 2 1 4 1 1
-2103.4 -6901.3 -1.7 311 0 13.4 15.0 14.0 3.5 2 1 4 4 4
-2157.0 -6825.5 -3.1 134 0 9.8 16.9 10.5 3.5 2 1 3 1 1
-2145.1 -6761.1 -3.0 38 0 13.3 12.5 14.0 3.5 2 0 4 4 4
-2154.6 -6790.9 -3.1 223 0 17.6 9.6 10.5 3.5 2 0 3 2 2
-2091.3 -6713.8 -0.3 49 0 13.8 12.6 14.0 0.0 0 0 4 5 5
-2195.5 -6617.6 -2.0 127 0 10.8 12.2 10.5 3.5 2 1 3 3 3
-2193.7 -6583.4 -1.4 216 0 21.6 9.9 10.5 3.5 4 0 3 4 4
-2209.5 -6661.2 -4.2 203 0 12.0 13.7 14.0 3.5 2 1 4 3 3
-2272.0 -6618.6 -4.2 217 0 15.0 13.5 10.5 3.5 2 0 3 2 2
-2257.3 -6553.7 -1.8 36 0 12.7 10.0 14.0 3.5 2 0 4 1 1
-2265.3 -6530.2 -1.4 213 0 14.7 8.5 10.5 3.5 2 0 3 3 3
-2052.6 -6893.9 -0.6 219 0 14.8 8.6 10.5 3.5 2 0 3 4 4
-2007.4 -6945.3 -3.5 43 0 4.1 14.8 10.5 3.5 2 1 3 2 2
-2118.5 -6817.7 -1.7 134 0 12.4 30.8 14.0 3.5 2 1 4 4 4
-2073.6 -6823.8 0.3 44 0 5.2 14.9 10.5 3.5 2 1 3 2 2
-2121.3 -6830.6 -2.3 315 0 14.8 10.9 14.0 3.5 4 0 4 5 5
-2139.6 -6811.5 -2.8 42 0 6.7 11.3 10.5 3.5 4 1 3 5 5
-2161.0 -6718.3 -3.0 219 0 13.5 11.4 14.0 3.5 2 0 4 5 5
-2178.6 -6754.5 -4.0 310 0 12.5 8.3 10.5 3.5 2 0 3 5 5
-2174.8 -6852.9 -3.1 46 0 17.0 17.1 14.0 3.5 2 1 4 5 5
-2211.9 -6839.8 -3.6 47 0 11.4 15.8 14.0 3.5 2 1 4 2 2
-2187.0 -6737.6 -4.2 39 0 10.3 9.6 10.5 0.0 0 0 3 4 4
-2196.8 -6747.8 -4.7 37 0 12.6 15.0 14.0 3.5 2 1 4 3 3
-2137.4 -6678.7 -1.8 42 0 12.8 11.9 14.0 0.0 0 0 4 1 1
-2283.1 -6725.1 -5.6 121 0 17.2 12.5 14.0 3.5 4 0 4 1 1
-2257.1 -6596.3 -3.3 217 0 17.8 11.4 10.5 3.5 2 0 3 2 2
-2223.9 -6611.3 -3.0 33 0 16.0 16.0 10.5 3.5 2 0 3 4 4
-2262.3 -6649.1 -4.6 121 0 16.9 21.1 10.5 3.5 2 1 3 2 2
-2212.7 -6594.3 -2.3 36 0 21.4 17.0 10.5 3.5 2 0 3 1 1
-2247.7 -6540.8 -1.6 38 0 11.5 9.6 10.5 3.5 2 0 3 2 2
-2243.9 -6564.7 -1.9 37 0 12.2 12.8 14.0 3.5 2 1 4 2 2
-2290.8 -6588.1 -3.6 31 0 6.9 13.3 10.5 3.5 2 1 3 5 5
-2326.6 -6570.7 -3.8 209 0 12.8 13.6 14.0 3.5 4 1 4 1 1
-2342.8 -6595.3 -4.3 207 0 12.9 26.6 14.0 3.5 2 1 4 5 5
-2324.1 -6660.5 -5.5 213 0 21.6 14.3 10.5 3.5 4 0 3 5 5
-2306.5 -6719.0 -5.7 43 0 13.1 11.8 10.5 3.5 4 0 3 3 3
-2316.7 -6741.6 -5.6 38 0 13.0 15.6 10.5 3.5 2 1 3 2 2
-2344.8 -6677.6 -5.2 35 0 12.2 11.2 14.0 3.5 2 0 4 3 3
-2356.3 -6693.4 -5.2 39 0 12.7 9.3 10.5 0.0 0 0 3 2 2
-2398.1 -6670.4 -4.7 133 0 12.7 13.7 14.0 3.5 2 1 4 4 4
-2394.2 -6646.3 -4.6 223 0 9.5 9.0 10.5 3.5 2 0 3 5 5
-2382.6 -6688.6 -5.0 136 0 10.9 7.3 10.5 3.5 2 0 3 2 2
-2391.4 -6707.1 -4.8 40 0 14.3 23.1 14.0 3.5 2 1 4 2 2
-2425.3 -6725.1 -4.4 132 0 29.7 5.8 10.5 3.5 2 0 3 0 0
-2470.6 -6715.3 -3.5 219 0 11.7 15.0 10.5 3.5 2 1 3 4 4
-2428.4 -6750.6 -4.2 40 0 9.0 9.0 10.5 0.0 0 0 3 5 5
-2434.9 -6761.4 -4.1 40 0 12.9 14.6 10.5 3.5 2 1 3 4 4
-2532.8 -6733.7 -3.7 125 0 14.4 14.8 14.0 3.5 2 1 4 3 3
-2504.1 -6665.9 -3.3 310 0 17.7 15.8 14.0 3.5 2 0 4 3 3
-2556.1 -6635.6 -3.2 218 0 21.2 13.1 14.0 3.5 2 0 4 2 2
-2555.7 -6708.2 -4.0 40 0 14.1 19.1 14.0 3.5 4 1 4 1 1
-2588.7 -6679.9 -4.0 219 0 19.3 22.0 14.0 3.5 2 1 4 2 2
-2614.7 -6609.5 -2.3 303 0 14.0 15.4 14.0 3.5 2 1 4 0 0
-2638.9 -6622.4 -2.0 211 0 10.0 9.5 10.5 3.5 4 0 3 2 2
-2588.6 -6622.2 -3.0 305 0 13.3 24.3 14.0 3.5 2 1 4 5 5
-2592.5 -6648.6 -3.1 36 0 9.4 8.1 10.5 3.5 2 0 3 0 0
-2618.6 -6697.7 -4.2 38 0 10.2 24.8 10.5 3.5 2 1 3 2 2
-2570.3 -6626.8 -3.2 127 0 11.4 14.9 14.0 3.5 2 1 4 3 3
-2600.7 -6559.3 -2.7 125 0 12.8 29.8 14.0 3.5 2 1 4 5 5
-2530.6 -6565.4 -3.2 317 0 14.8 11.4 14.0 3.5 2 0 4 2 2
-2599.5 -6516.4 -2.7 129 0 16.2 10.1 14.0 3.5 2 0 4 5 5
-2653.6 -6465.2 -2.6 203 0 19.3 15.0 14.0 3.5 4 0 4 3 3
-2622.7 -6460.3 -2.6 125 0 15.6 14.1 10.5 3.5 2 0 3 1 1
-2648.9 -6508.6 -2.6 293 0 15.5 17.1 10.5 3.5 2 1 3 1 1
-2701.3 -6538.4 -2.1 127 0 14.3 19.5 10.5 3.5 2 1 3 4 4
-2687.7 -6509.3 -2.7 214 0 16.6 14.2 10.5 3.5 4 0 3 2 2
-2678.2 -6557.2 -2.7 125 0 18.8 21.5 10.5 3.5 2 1 3 4 4
-2638.2 -6540.7 -2.7 308 0 14.3 5.9 10.5 3.5 2 0 3 5 5
-2665.5 -6586.1 -2.7 310 0 13.7 10.9 10.5 3.5 2 0 3 2 2
-2643.6 -6595.6 -2.5 39 0 8.6 8.3 10.5 3.5 2 0 3 1 1
-2688.6 -6610.5 -1.7 136 0 7.1 10.4 10.5 3.5 2 1 3 0 0
-2747.6 -6471.8 0.0 212 0 8.7 23.1 10.5 0.0 0 1 3 4 4
-2701.3 -6508.8 -1.7 35 0 34.7 14.4 14.0 3.5 2 0 4 5 5
-2673.9 -6470.8 -2.6 28 0 12.1 18.9 14.0 3.5 2 1 4 4 4
-2532.4 -6601.0 -3.1 218 0 10.6 11.6 10.5 3.5 2 1 3 1 1
-2486.7 -6605.2 -3.5 313 0 20.4 11.1 10.5 3.5 2 0 3 1 1
-2483.5 -6589.0 -3.8 127 0 12.8 21.1 14.0 3.5 4 1 4 0 0
-2459.8 -6543.4 -2.8 119 0 20.5 10.5 10.5 3.5 4 0 3 5 5
-2420.1 -6527.3 -2.3 29 0 20.0 10.3 10.5 3.5 2 0 3 4 4
-2370.7 -6544.2 -2.4 29 0 12.3 9.5 10.5 3.5 2 0 3 1 1
-2393.6 -6520.5 -2.2 300 0 14.0 20.8 10.5 3.5 2 1 3 5 5
-2385.7 -6575.7 -3.5 28 0 15.0 47.5 10.5 3.5 2 1 3 1 1
-2382.9 -6558.4 -2.9 28 0 13.2 12.6 10.5 0.0 0 0 3 0 0
-2444.7 -6621.2 -4.2 222 0 14.7 23.0 10.5 3.5 2 1 3 0 0
-2400.5 -6635.9 -4.4 39 0 15.9 13.7 10.5 3.5 2 0 3 3 3
-2476.0 -6681.6 -3.4 130 0 27.5 12.0 10.5 3.5 2 0 3 2 2
-2441.7 -6650.4 -3.8 316 0 14.6 14.9 10.5 3.5 2 1 3 5 5
-2370.7 -6558.6 -3.2 209 0 19.1 15.5 10.5 3.5 2 0 3 3 3
-2349.6 -6517.3 -2.2 207 0 30.0 18.0 14.0 0.0 0 0 4 0 0
-2599.9 -6458.1 -2.6 213 0 17.6 14.7 14.0 3.5 2 0 4 5 5
-2556.4 -6466.2 -2.5 31 0 12.3 14.5 14.0 3.5 2 1 4 1 1
-2582.8 -6432.0 -2.4 202 0 18.9 14.0 14.0 3.5 2 0 4 0 0
-2565.3 -6420.7 -2.3 295 0 9.2 5.7 10.5 0.0 0 0 3 4 4
-2284.4 -6831.4 -3.0 314 0 13.5 44.7 10.5 3.5 2 1 3 1 1
-2373.1 -6839.9 -5.2 215 0 43.1 24.0 10.5 0.0 0 0 3 3 3
-2333.5 -6837.8 -3.4 222 0 12.2 13.8 10.5 3.5 2 1 3 5 5
-2344.9 -6805.5 -5.4 225 0 10.7 25.7 10.5 0.0 0 1 3 3 3
-2331.4 -6791.6 -5.5 225 0 11.8 26.5 10.5 3.5 2 1 3 3 3
-2277.9 -6811.6 -4.3 312 0 25.6 11.9 10.5 3.5 2 0 3 5 5
-2434.2 -6675.1 -4.3 223 0 9.7 23.2 10.5 0.0 0 1 3 1 1
-2551.7 -6752.9 -7.3 307 0 16.4 18.3 14.0 3.5 2 1 4 2 2
-2389.5 -6830.8 -4.9 43 0 19.6 15.3 14.0 0.0 0 0 4 2 2
-2371.4 -6786.1 -5.0 36 0 27.6 20.2 14.0 3.5 2 0 4 2 2
-2392.3 -6737.1 -4.8 224 0 11.0 13.9 14.0 3.5 2 1 4 5 5
-2357.7 -6739.2 -5.2 316 0 20.5 11.0 14.0 3.5 2 0 4 0 0
-2378.1 -6638.2 -4.5 127 0 13.5 15.3 14.0 3.5 2 1 4 0 0
-2369.0 -6614.5 -4.3 219 0 10.6 10.5 14.0 3.5 2 0 4 5 5
-2351.3 -6651.6 -4.9 121 0 5.5 12.9 10.5 3.5 4 1 3 4 4
-3192.2 -5907.0 -5.0 219 0 12.8 12.2 2.5 2.5 2 0 1 1 1
-3165.2 -5902.7 -4.9 306 0 10.7 10.1 2.5 2.5 2 0 1 4 4
-3150.8 -5913.9 -5.0 307 0 11.4 12.0 5.0 2.5 2 1 2 5 5
-3127.3 -5962.1 -5.5 42 0 11.0 10.8 5.0 2.5 2 0 2 5 5
-3155.0 -5938.1 -5.2 40 0 11.1 10.2 7.5 2.5 2 0 3 0 0
-3209.9 -5919.5 -5.1 221 0 11.3 10.0 5.0 2.5 2 0 2 1 1
-3216.9 -5944.0 -5.3 131 0 10.9 13.4 10.0 2.5 2 1 4 3 3
-3188.8 -5967.4 -5.6 130 0 11.5 12.0 2.5 2.5 2 1 1 1 1
-3152.3 -5990.9 -5.9 42 0 11.7 11.5 5.0 2.5 2 0 2 0 0
-3196.4 -5939.1 -5.2 130 0 11.0 10.9 5.0 2.5 4 0 2 3 3
-2907.3 -6187.6 -5.6 134 0 13.3 15.7 2.5 2.5 2 1 1 3 3
-2956.5 -6160.3 -5.9 131 0 11.6 10.2 2.5 2.5 2 0 1 1 1
-2926.4 -6095.1 -5.6 311 0 58.8 11.3 7.5 2.5 2 0 3 5 5
-2992.6 -6040.1 -5.2 311 0 74.6 8.9 7.5 2.5 2 0 3 2 2
-3002.0 -6051.3 -5.4 310 0 74.2 9.7 7.5 2.5 2 0 3 0 0
-3021.9 -6086.8 -5.9 131 0 75.1 10.3 7.5 2.5 2 0 3 0 0
-3011.2 -6121.3 -6.0 131 0 15.3 9.5 7.5 2.5 2 0 3 2 2
-3084.6 -6058.5 -6.1 128 0 10.9 13.1 7.5 2.5 2 1 3 4 4
-3078.8 -6040.8 -5.8 133 0 11.0 10.9 5.0 2.5 4 0 2 4 4
-3106.2 -6017.0 -5.9 132 0 11.6 11.4 2.5 2.5 2 0 1 0 0
-3112.4 -6034.2 -6.2 130 0 11.2 13.0 2.5 2.5 2 1 1 2 2
-3127.4 -6021.5 -6.2 131 0 12.3 12.8 7.5 2.5 2 1 3 2 2
-3121.5 -5996.7 -5.9 219 0 11.2 11.3 5.0 2.5 2 1 2 3 3
-3134.7 -5985.7 -5.9 221 0 12.0 10.5 5.0 2.5 2 0 2 5 5
-3113.9 -5972.2 -5.5 222 0 11.2 9.8 7.5 2.5 2 0 3 4 4
-3108.4 -5956.4 -5.2 222 0 10.9 9.4 2.5 2.5 2 0 1 4 4
-3085.8 -5996.2 -5.4 222 0 13.5 11.4 7.5 2.5 2 0 3 3 3
-3058.3 -5990.4 -5.0 309 0 10.7 12.2 7.5 2.5 2 1 3 1 1
-3064.7 -6007.3 -5.3 308 0 10.0 11.6 7.5 0.0 0 1 3 4 4
-3151.4 -6035.2 -6.1 300 0 23.7 17.0 10.0 2.5 2 0 4 3 3
-3167.0 -6022.9 -6.0 223 0 9.3 5.8 2.5 2.5 4 0 1 2 2
-5112.0 -4396.0 -2.2 27 0 18.7 18.9 15.0 0.0 0 1 6 1 1
-6736.4 -4082.4 -4.2 114 0 12.2 20.6 7.5 2.5 2 1 3 0 0
