3336.5 351.7 -0.6 38 0 10.7 17.1 2.5 2.5 2 1 1 1 1
3250.5 338.8 -0.2 50 0 11.8 12.4 5.0 0.0 0 1 2 2 2
3349.7 371.5 -1.8 25 0 10.7 17.0 2.5 2.5 2 1 1 2 2
3349.5 417.2 -2.1 353 0 10.8 17.0 2.5 2.5 2 1 1 1 1
3331.3 458.5 -1.3 241 0 11.8 12.6 2.5 2.5 2 1 1 3 3
3223.6 446.3 -0.7 237 0 10.7 17.1 2.5 2.5 2 1 1 4 4
3204.6 437.6 -0.7 237 0 10.7 17.1 2.5 2.5 2 1 1 5 5
3165.1 408.1 -0.5 237 0 10.7 17.1 2.5 2.5 2 1 1 2 2
3132.2 385.7 -0.7 237 0 10.7 17.1 2.5 2.5 2 1 1 4 4
3250.1 243.0 -1.8 50 0 11.8 12.4 2.5 2.5 2 1 1 5 5
3027.9 143.3 -2.8 47 0 15.7 24.2 10.0 0.0 0 1 4 4 4
3249.5 269.7 -1.4 50 0 11.8 12.4 7.5 2.5 2 1 3 0 0
3179.4 263.3 0.3 23 0 14.6 20.5 10.0 2.5 4 1 4 5 5
3170.8 357.6 -0.1 230 0 11.8 12.4 2.5 0.0 0 1 1 4 4
3182.7 367.2 0.3 230 0 11.8 12.4 2.5 2.5 2 1 1 2 2
3195.3 381.8 0.7 230 0 11.8 12.4 2.5 2.5 2 1 1 5 5
3207.8 391.6 0.5 230 0 11.8 12.4 2.5 2.5 2 1 1 0 0
3220.2 400.5 0.3 230 0 11.8 12.4 2.5 2.5 4 1 1 1 1
3251.7 421.6 -0.0 230 0 11.8 12.4 2.5 2.5 4 1 1 2 2
3301.1 402.0 0.7 50 0 11.8 12.4 2.5 2.5 2 1 1 0 0
3315.9 385.3 1.1 50 0 11.8 12.4 2.5 2.5 2 1 1 0 0
3222.3 370.9 0.2 230 0 15.4 25.6 10.0 2.5 2 1 4 5 5
3111.1 263.1 1.3 232 0 9.7 17.7 5.0 2.5 2 1 2 4 4
3236.9 282.2 -1.3 52 0 18.6 26.2 7.5 2.5 2 1 3 1 1
3216.8 310.4 -1.0 52 0 18.6 26.2 10.0 2.5 2 1 4 2 2
3208.3 361.0 -0.1 230 0 15.2 19.7 7.5 2.5 2 1 3 2 2
3234.6 328.5 -0.7 50 0 15.2 19.7 7.5 2.5 2 1 3 4 4
3242.2 313.4 -1.3 53 0 19.7 15.2 7.5 2.5 2 0 3 1 1
3255.4 299.4 -1.5 53 0 19.7 15.2 10.0 2.5 4 0 4 5 5
3275.9 273.7 -2.1 51 0 25.0 12.9 10.0 2.5 2 0 4 2 2
3266.4 289.5 -1.7 51 0 17.6 13.0 5.0 0.0 0 0 2 1 1
3282.8 304.9 -1.5 51 0 17.6 13.0 7.5 2.5 2 0 3 5 5
3292.8 292.9 -1.9 51 0 17.6 13.0 5.0 2.5 2 0 2 5 5
3273.3 317.7 -1.0 51 0 17.6 13.0 2.5 2.5 2 0 1 2 2
3263.6 329.3 -0.6 51 0 17.6 13.0 5.0 2.5 2 0 2 4 4
3269.5 361.0 0.7 51 0 17.6 13.0 7.5 2.5 2 0 3 3 3
3279.0 349.3 0.3 51 0 17.6 13.0 10.0 0.0 0 0 4 2 2
