6387.4 1865.0 -2.5 192 0 9.5 26.1 5.0 2.5 2 1 2 3 3
6420.0 1873.2 -2.7 14 0 12.4 27.0 10.0 2.5 2 1 4 5 5
6381.5 1851.4 -2.7 195 0 10.9 27.0 7.5 2.5 2 1 3 3 3
6415.9 1923.1 -3.9 327 0 10.2 22.5 5.0 0.0 0 1 2 1 1
6391.3 1828.4 -2.9 108 0 26.1 10.5 10.0 2.5 2 0 4 2 2
6353.6 1729.3 -4.4 32 0 12.6 27.4 10.0 2.5 2 1 4 1 1
6359.1 1743.4 -3.7 33 0 11.7 27.1 10.0 2.5 2 1 4 1 1
6355.1 1773.7 -2.6 120 0 25.0 11.9 12.5 2.5 2 0 5 5 5
6393.7 1811.8 -3.2 100 0 21.8 11.4 5.0 2.5 2 0 2 4 4
6388.3 1800.3 -3.3 300 0 21.8 10.3 5.0 2.5 2 0 2 4 4
6377.3 1789.4 -3.0 305 0 20.2 10.1 5.0 2.5 2 0 2 2 2
6396.8 1944.4 -3.9 335 0 11.0 26.4 7.5 2.5 2 1 3 5 5
6393.0 1959.2 -4.0 340 0 10.3 22.1 5.0 2.5 2 1 2 4 4
