-5549.7 -723.3 -4.7 105 0 14.4 29.9 7.5 2.5 2 1 3 4 4
-5513.3 -687.7 -3.5 15 0 8.5 32.4 7.5 2.5 2 1 3 1 1
-5556.0 -740.6 -5.4 104 0 18.4 11.7 2.5 2.5 2 0 1 0 0
-5467.5 -724.7 -2.9 302 0 6.5 11.0 5.0 0.0 0 1 2 4 4
-5476.7 -753.9 -4.0 102 0 6.3 10.9 7.5 0.0 0 1 3 0 0
-5470.4 -653.7 -0.7 194 0 10.6 38.3 12.5 2.5 2 1 5 1 1
-5441.8 -614.0 -0.0 285 0 11.3 25.9 7.5 2.5 2 1 3 0 0
-5405.9 -620.6 0.4 285 0 7.4 14.2 7.5 0.0 0 1 3 4 4
-5419.2 -602.0 -0.4 105 0 13.4 12.8 7.5 2.5 2 0 3 0 0
-5443.9 -595.4 -0.7 104 0 13.4 12.9 2.5 2.5 2 0 1 5 5
-5380.0 -552.6 -0.6 284 0 13.6 13.1 7.5 2.5 2 0 3 1 1
-5340.5 -611.4 0.3 105 0 8.0 36.7 7.5 2.5 2 1 3 3 3
-5439.0 -494.2 0.9 122 0 9.0 9.2 7.5 2.5 2 1 3 0 0
-5616.7 -647.0 -5.1 293 0 7.9 13.5 5.0 0.0 0 1 2 4 4
-5704.8 -706.6 -6.7 104 0 16.8 31.7 15.0 0.0 0 1 6 1 1
-5696.3 -645.9 -3.9 350 0 12.5 8.3 5.0 2.5 2 0 2 4 4
-5711.3 -453.8 1.5 85 0 7.3 23.9 5.0 0.0 0 1 2 4 4
-5651.8 -645.8 -6.3 286 0 24.9 69.7 12.5 0.0 0 0 5 0 0
-5304.9 -735.6 -2.3 106 0 10.2 18.6 7.5 2.5 2 1 3 4 4
-5346.8 -709.0 -2.8 289 0 8.2 20.5 5.0 2.5 2 0 2 0 0
-5344.6 -763.0 -5.9 85 0 19.0 11.8 5.0 2.5 2 0 2 3 3
-5731.7 -514.3 -1.9 353 0 11.3 10.0 7.5 2.5 2 0 3 5 5
-5746.4 -438.1 -1.7 355 0 13.8 13.1 5.0 2.5 2 0 2 4 4
-3207.3 318.6 2.7 94 0 11.8 12.8 7.5 2.5 2 1 3 4 4
-3199.3 339.1 2.7 3 0 12.2 12.3 5.0 2.5 2 1 2 4 4
-3231.9 326.5 2.8 182 0 12.1 12.6 5.0 2.5 2 1 2 2 2
-3231.2 339.0 2.8 181 0 11.1 11.9 2.5 2.5 2 1 1 2 2
-3184.6 350.9 2.5 92 0 10.6 12.9 5.0 0.0 0 1 2 1 1
-3172.9 351.4 2.5 89 0 7.0 11.9 7.5 2.5 2 1 3 5 5
-3174.5 299.1 2.5 93 0 11.3 13.6 7.5 2.5 2 1 3 5 5
-3186.7 301.0 2.6 93 0 11.6 13.1 5.0 2.5 2 1 2 2 2
