6249.2 -380.1 -2.4 269 0 11.2 25.7 10.5 3.5 2 1 3 1 1
6268.3 -376.1 -2.3 269 0 10.8 21.4 10.5 3.5 2 1 3 2 2
6229.2 -373.8 -2.6 267 0 9.8 32.3 10.5 3.5 2 0 3 0 0
6206.6 -374.3 -2.8 268 0 19.0 11.5 10.5 3.5 2 0 3 1 1
6317.1 -480.8 -3.9 93 0 20.5 15.6 14.0 3.5 2 0 4 0 0
6154.9 -319.0 -3.0 175 0 15.4 24.7 10.5 0.0 0 1 3 3 3
6147.4 -338.3 -3.1 181 0 24.6 12.7 10.5 3.5 2 0 3 2 2
6145.0 -471.0 -3.6 179 0 17.8 27.3 14.0 3.5 2 1 4 3 3
6144.5 -395.5 -3.3 178 0 33.3 23.1 10.5 0.0 0 0 3 5 5
6184.7 -491.0 -3.9 90 0 18.4 10.9 14.0 3.5 2 0 4 2 2
6289.8 -421.0 -2.3 358 0 31.2 13.5 10.5 0.0 0 0 3 1 1
