-551.5 -6367.5 -6.5 101 0 23.8 39.3 7.5 0.0 0 1 3 0 0
-508.6 -6385.8 -6.3 101 0 13.8 47.8 12.5 2.5 2 1 5 2 2
-715.2 -6725.6 -1.2 10 0 9.0 7.5 7.5 2.5 2 0 3 5 5
-801.7 -6740.4 -0.4 281 0 8.5 10.1 5.0 2.5 2 1 2 2 2
-818.9 -6699.7 -1.8 277 0 10.3 8.9 5.0 2.5 2 0 2 5 5
-971.2 -6298.0 -3.1 8 0 17.3 11.3 10.0 2.5 2 0 4 1 1
-980.0 -6339.1 -2.7 9 0 10.6 6.4 5.0 2.5 2 0 2 0 0
-1013.9 -6404.1 -0.6 107 0 5.0 19.0 5.0 2.5 2 1 2 5 5
-520.5 -6765.8 -0.8 20 0 7.1 9.5 7.5 2.5 2 1 3 0 0
-525.3 -6776.1 -0.9 31 0 11.4 8.6 5.0 2.5 2 0 2 3 3
-604.3 -6833.6 -0.2 29 0 10.8 7.7 7.5 2.5 2 0 3 2 2
-674.4 -6802.1 0.3 197 0 7.8 6.6 5.0 2.5 4 0 2 1 1
-672.6 -6782.0 -0.2 355 0 10.2 14.9 5.0 2.5 2 1 2 3 3
-730.3 -6758.9 -1.3 274 0 8.0 7.6 7.5 2.5 2 0 3 5 5
-843.6 -6695.8 -1.6 277 0 6.9 8.6 7.5 2.5 2 1 3 4 4
-939.1 -6676.8 -1.5 282 0 9.2 29.6 7.5 0.0 0 1 3 5 5
-889.2 -6645.7 -1.2 281 0 4.8 14.8 5.0 2.5 2 1 2 2 2
-979.7 -6637.8 -1.0 95 0 7.3 7.0 5.0 2.5 4 0 2 5 5
-995.8 -6628.8 -1.0 94 0 8.8 6.8 7.5 2.5 2 0 3 0 0
-1193.5 -6719.3 -1.2 189 0 7.2 12.9 7.5 2.5 2 1 3 5 5
-1197.0 -6732.3 -1.2 189 0 7.2 12.9 2.5 2.5 2 1 1 2 2
-1200.2 -6745.2 -1.3 189 0 7.2 12.9 5.0 2.5 2 1 2 2 2
-1153.5 -6698.9 -0.8 189 0 7.2 12.9 2.5 2.5 2 1 1 4 4
-1116.4 -6773.4 -1.3 98 0 9.6 11.5 5.0 2.5 2 1 2 1 1
-1056.3 -6750.6 -1.9 193 0 34.5 8.3 7.5 2.5 2 0 3 1 1
-1065.8 -6675.5 -1.1 5 0 6.3 9.6 2.5 2.5 2 1 1 1 1
-299.8 -6809.1 1.9 279 0 7.9 7.5 5.0 2.5 4 0 2 3 3
-368.8 -6828.6 2.0 186 0 7.7 13.2 5.0 2.5 2 1 2 1 1
-372.8 -6795.5 1.6 281 0 6.7 11.1 7.5 2.5 4 1 3 3 3
-404.4 -6784.5 1.1 276 0 7.5 16.9 7.5 2.5 2 1 3 5 5
-191.6 -6825.3 1.9 100 0 14.1 6.7 7.5 2.5 2 0 3 4 4
-439.6 -6604.0 -2.7 274 0 5.6 9.3 7.5 2.5 2 1 3 2 2
-485.3 -6661.4 -0.7 190 0 5.6 9.6 7.5 2.5 2 1 3 3 3
-425.3 -6678.5 -0.6 25 0 6.0 10.8 5.0 2.5 2 1 2 5 5
-429.0 -6640.7 -1.6 283 0 10.0 14.3 5.0 2.5 2 1 2 4 4
-432.5 -6700.8 0.1 7 0 8.0 9.6 7.5 2.5 2 1 3 3 3
-498.5 -6616.7 -2.0 13 0 15.5 5.5 5.0 0.0 0 0 2 4 4
-506.2 -6618.4 -1.9 13 0 14.4 19.6 10.0 2.5 2 1 4 5 5
-611.5 -6630.4 -2.2 93 0 8.3 6.8 7.5 2.5 2 0 3 1 1
-503.0 -6731.7 -0.6 28 0 9.8 8.8 7.5 0.0 0 0 3 1 1
-556.1 -6740.2 -0.6 96 0 12.3 7.4 5.0 2.5 2 0 2 5 5
-555.5 -6732.3 -0.6 96 0 11.0 8.4 2.5 2.5 2 0 1 4 4
-558.6 -6657.3 -0.7 277 0 8.4 8.6 5.0 2.5 4 1 2 0 0
-581.3 -6718.1 -0.6 189 0 19.1 13.1 10.0 2.5 4 0 4 4 4
-582.4 -6684.8 -0.3 8 0 12.8 5.7 5.0 2.5 2 0 2 3 3
-609.0 -6728.4 -0.6 100 0 7.3 19.6 7.5 2.5 4 1 3 4 4
-595.5 -6692.0 -0.4 10 0 34.4 10.9 10.0 2.5 2 0 4 5 5
-646.5 -6684.2 -0.4 8 0 8.0 12.1 5.0 2.5 2 1 2 2 2
-450.5 -6796.2 -0.6 15 0 8.8 6.1 5.0 2.5 2 0 2 0 0
-459.5 -6798.2 -0.7 12 0 6.8 10.4 2.5 2.5 4 1 1 4 4
-468.7 -6773.7 -0.6 294 0 4.5 13.9 5.0 2.5 2 1 2 0 0
-479.7 -6771.5 -0.7 293 0 13.0 9.5 7.5 2.5 2 0 3 0 0
-457.6 -6883.6 -0.8 189 0 8.3 10.5 5.0 2.5 4 1 2 4 4
-465.3 -6838.9 -0.8 10 0 10.2 7.4 7.5 2.5 2 0 3 4 4
-463.8 -6867.2 -0.9 9 0 14.0 8.8 7.5 2.5 4 0 3 1 1
-495.0 -6858.4 -1.1 22 0 10.7 5.0 7.5 2.5 2 0 3 4 4
-409.4 -6683.4 -0.5 185 0 8.7 8.1 5.0 0.0 0 0 2 4 4
-384.7 -6778.0 1.2 101 0 9.2 10.7 7.5 2.5 2 1 3 1 1
-944.2 -6110.3 -8.7 13 0 16.4 17.5 10.0 0.0 0 1 4 1 1
-975.3 -6137.1 -8.7 193 0 12.9 20.5 12.5 0.0 0 1 5 2 2
-985.7 -6166.0 -8.8 191 0 40.6 24.5 10.0 0.0 0 0 4 4 4
-1005.1 -6281.2 -4.9 100 0 6.8 10.6 7.5 2.5 2 1 3 3 3
-993.1 -6278.9 -4.5 10 0 10.0 5.9 2.5 2.5 2 0 1 0 0
-967.1 -6272.8 -4.4 12 0 16.7 10.8 5.0 2.5 2 0 2 5 5
-1009.4 -6474.3 -0.2 12 0 43.0 7.9 7.5 2.5 2 0 3 1 1
-1029.7 -6424.6 -0.5 282 0 21.3 10.7 2.5 2.5 2 0 1 5 5
-1059.5 -6417.9 -1.0 283 0 20.6 10.7 7.5 0.0 0 0 3 4 4
-1088.4 -6412.6 -1.4 281 0 20.5 9.9 5.0 2.5 2 0 2 3 3
-1052.8 -6438.4 -1.1 283 0 41.9 9.5 7.5 2.5 2 0 3 0 0
-1019.6 -6468.5 -0.4 13 0 43.3 10.0 7.5 2.5 2 0 3 4 4
-1081.7 -6472.8 -1.2 192 0 9.7 41.7 7.5 2.5 2 1 3 3 3
-1034.4 -6538.2 -0.7 11 0 37.6 15.2 7.5 2.5 2 0 3 0 0
-1090.0 -6560.5 -1.1 192 0 14.8 35.4 7.5 2.5 2 1 3 3 3
-1098.6 -6525.2 -1.4 193 0 36.8 16.7 7.5 2.5 2 0 3 1 1
-1243.2 -6376.6 -4.4 282 0 13.6 41.4 12.5 2.5 2 1 5 4 4
-1041.1 -6255.8 -0.9 6 0 5.5 13.1 5.0 2.5 2 1 2 3 3
-1078.0 -6313.8 -2.4 101 0 15.6 58.2 10.0 2.5 2 1 4 3 3
-1041.8 -6203.9 -8.3 279 0 40.7 17.2 10.0 2.5 2 0 4 4 4
-1121.3 -6190.9 -8.8 281 0 61.8 98.9 17.5 0.0 0 1 7 0 0
-1209.3 -6222.4 -6.2 271 0 8.3 10.1 7.5 2.5 2 1 3 4 4
-535.4 -6458.2 0.3 15 0 18.8 12.0 7.5 2.5 2 0 3 3 3
-532.2 -6437.5 1.3 11 0 14.1 10.1 2.5 2.5 2 0 1 5 5
-574.6 -6438.0 0.5 13 0 12.0 15.0 5.0 2.5 2 1 2 2 2
-616.0 -6434.0 0.1 194 0 11.3 7.6 7.5 2.5 2 0 3 5 5
-577.1 -6491.5 -1.4 7 0 6.8 13.6 2.5 2.5 2 1 1 0 0
-570.1 -6466.4 -0.6 10 0 12.2 15.4 7.5 2.5 2 1 3 3 3
-548.9 -6518.3 -1.7 3 0 14.4 12.1 2.5 2.5 2 0 1 2 2
-564.3 -6514.6 -2.0 7 0 15.2 6.6 5.0 0.0 0 0 2 0 0
-556.3 -6546.6 -2.1 3 0 9.6 8.5 7.5 2.5 2 0 3 5 5
-605.3 -6573.0 -4.1 286 0 15.1 12.3 5.0 2.5 2 0 2 1 1
-593.6 -6584.5 -3.6 273 0 10.2 17.3 5.0 2.5 2 1 2 4 4
-633.0 -6556.9 -4.0 101 0 4.9 14.1 5.0 2.5 2 1 2 0 0
-967.3 -6536.2 0.3 288 0 9.1 11.8 5.0 2.5 2 1 2 0 0
-446.0 -6521.1 -3.1 97 0 7.1 11.4 5.0 2.5 2 1 2 3 3
-440.5 -6537.5 -3.6 282 0 9.7 6.9 5.0 2.5 2 0 2 2 2
-485.7 -6514.7 -2.0 10 0 10.4 10.5 7.5 2.5 2 1 3 5 5
-330.0 -6512.7 -6.9 99 0 12.2 14.5 2.5 0.0 0 1 1 0 0
-489.2 -6668.8 -0.5 188 0 7.6 9.6 7.5 2.5 2 1 3 4 4
-401.9 -6506.0 -4.8 282 0 8.4 8.5 5.0 2.5 2 1 2 0 0
-401.9 -6549.3 -4.8 11 0 7.6 10.4 7.5 2.5 4 1 3 0 0
-417.4 -6620.9 -2.7 9 0 9.4 12.3 7.5 2.5 2 1 3 3 3
-424.6 -6639.8 -2.1 100 0 5.7 13.1 2.5 2.5 2 1 1 0 0
-399.1 -6608.1 -3.3 98 0 6.3 11.8 5.0 2.5 4 1 2 2 2
-290.9 -6520.7 -6.6 182 0 13.4 6.7 2.5 2.5 2 0 1 3 3
-322.6 -6554.5 -5.3 190 0 8.3 9.8 5.0 2.5 2 1 2 1 1
-313.0 -6515.0 -6.6 192 0 11.3 6.1 5.0 2.5 4 0 2 1 1
-394.3 -6564.5 -4.5 190 0 15.3 8.0 5.0 2.5 2 0 2 5 5
-2038.7 -6719.8 -6.8 357 0 6.1 10.7 5.0 2.5 2 1 2 5 5
-2055.9 -6746.5 -7.9 84 0 6.7 24.9 7.5 2.5 2 1 3 5 5
-2182.3 -6937.5 -7.8 78 0 5.5 10.8 5.0 2.5 4 1 2 3 3
-2228.0 -6892.0 -9.3 261 0 5.1 14.4 5.0 2.5 2 1 2 2 2
-2262.8 -6892.4 -8.2 79 0 9.4 12.9 7.5 2.5 2 1 3 3 3
-2264.5 -6899.4 -9.8 259 0 5.5 21.7 2.5 2.5 2 1 1 3 3
-2247.2 -6918.0 -8.4 351 0 10.3 12.0 7.5 2.5 2 1 3 3 3
-2316.9 -6900.9 -9.9 343 0 9.3 20.5 5.0 2.5 2 0 2 3 3
-2424.5 -6930.6 -7.9 342 0 26.3 11.4 12.5 2.5 2 0 5 0 0
-2510.8 -6931.9 -9.6 83 0 33.8 11.4 12.5 2.5 2 0 5 5 5
-2327.9 -6946.8 -6.1 82 0 12.4 14.3 7.5 2.5 2 1 3 5 5
-2362.7 -6947.0 -5.0 162 0 6.9 9.9 5.0 2.5 2 1 2 4 4
-2355.7 -6912.6 -9.8 163 0 9.3 20.1 7.5 2.5 2 0 3 1 1
-2148.1 -6934.0 -8.2 79 0 6.2 11.0 7.5 2.5 2 1 3 5 5
