-3873.9 -5462.7 -4.9 16 0 15.9 12.4 2.5 2.5 2 0 1 3 3
-3931.7 -5514.2 -5.9 111 0 10.6 15.2 7.5 2.5 2 1 3 1 1
-3889.8 -5513.8 -4.4 12 0 11.6 15.9 7.5 2.5 2 1 3 2 2
-3856.5 -5378.6 -0.5 16 0 11.6 11.5 5.0 2.5 2 0 2 3 3
-3853.8 -5360.5 -2.2 16 0 18.9 11.2 5.0 2.5 2 0 2 1 1
-3784.3 -5447.5 -3.4 191 0 10.0 11.2 7.5 0.0 0 1 3 0 0
-3734.6 -5473.8 -4.3 14 0 11.2 21.6 10.0 2.5 2 1 4 3 3
-3724.3 -5420.2 -3.3 14 0 11.7 13.6 7.5 2.5 2 1 3 4 4
-3720.5 -5462.4 -4.4 189 0 10.3 11.1 2.5 2.5 2 1 1 0 0
-3757.5 -5508.6 -3.0 284 0 16.9 24.3 10.0 2.5 2 1 4 0 0
-3809.4 -5484.5 -3.7 284 0 22.0 11.9 10.0 2.5 2 0 4 5 5
-3846.0 -5475.4 -3.8 284 0 11.3 39.7 12.5 2.5 2 1 5 4 4
-3930.2 -5675.9 -0.9 23 0 6.1 13.7 7.5 2.5 4 1 3 0 0
-3961.6 -5532.9 -6.3 6 0 9.9 7.3 5.0 2.5 2 0 2 0 0
-3950.9 -5522.1 -6.5 107 0 10.8 8.7 7.5 2.5 2 0 3 1 1
-3951.9 -5545.6 -6.0 9 0 10.6 11.6 5.0 2.5 2 1 2 1 1
-3988.4 -5645.7 -2.0 131 0 7.1 9.6 5.0 0.0 0 1 2 3 3
-3967.5 -5612.4 -3.7 13 0 14.9 12.4 7.5 2.5 2 0 3 3 3
-4015.2 -5614.9 -2.0 119 0 16.1 13.9 5.0 2.5 2 0 2 3 3
-4036.0 -5598.6 -1.6 130 0 11.2 15.4 7.5 0.0 0 1 3 1 1
-3998.8 -5541.6 -4.6 239 0 7.8 9.0 2.5 2.5 2 1 1 3 3
-4025.4 -5557.1 -3.1 238 0 16.4 11.2 10.0 2.5 4 0 4 0 0
-4313.0 -5781.0 -3.5 66 0 5.6 13.6 7.5 2.5 2 1 3 1 1
-4306.5 -5715.7 -6.1 151 0 6.1 12.9 5.0 2.5 2 1 2 3 3
-4345.1 -5784.0 -3.9 150 0 13.7 15.0 5.0 2.5 2 1 2 0 0
-4417.7 -5745.2 -6.1 238 0 12.5 37.8 10.0 2.5 2 1 4 3 3
