343.3 -2649.8 2.6 135 0 13.0 27.9 10.0 2.5 2 1 4 1 1
903.7 -2311.5 -3.6 149 0 10.6 19.4 7.5 2.5 2 1 3 3 3
2624.1 1958.9 2.2 206 0 14.2 22.9 5.0 2.5 2 1 2 3 3
2600.5 1932.3 0.9 131 0 11.4 21.2 2.5 2.5 2 1 1 2 2
2706.6 1923.8 1.6 303 0 17.8 13.2 5.0 2.5 2 0 2 5 5
2713.3 1885.3 1.9 132 0 15.4 14.4 7.5 2.5 2 0 3 5 5
2698.5 1891.0 1.7 133 0 13.4 16.3 5.0 2.5 2 1 2 4 4
2675.1 1970.6 1.7 129 0 15.3 16.3 5.0 2.5 4 1 2 1 1
2678.5 1943.9 1.7 220 0 11.3 17.4 7.5 0.0 0 1 3 5 5
2778.9 1901.2 1.9 41 0 20.7 14.1 10.0 2.5 2 0 4 2 2
