2362.7 -2214.9 2.6 352 0 9.2 10.8 7.5 2.5 2 1 3 2 2
2320.5 -2312.4 3.1 177 0 10.6 11.4 7.5 2.5 4 1 3 4 4
2334.9 -2400.8 -1.1 90 0 21.2 10.4 5.0 2.5 2 0 2 5 5
2354.1 -2331.1 0.4 271 0 13.8 12.1 7.5 2.5 2 0 3 2 2
2333.9 -2337.6 0.3 266 0 10.0 33.4 12.5 2.5 2 1 5 3 3
2315.8 -2208.6 1.7 85 0 9.0 10.3 7.5 0.0 0 1 3 3 3
2301.3 -2210.9 1.5 83 0 11.5 10.9 5.0 2.5 2 0 2 3 3
2341.4 -2170.0 1.5 274 0 5.4 11.8 5.0 2.5 2 1 2 1 1
2319.4 -2155.8 -2.9 95 0 8.9 13.9 7.5 2.5 2 1 3 3 3
2258.8 -2206.4 0.9 214 0 10.7 6.6 7.5 2.5 2 0 3 4 4
2202.6 -2242.6 0.3 176 0 8.7 8.2 7.5 2.5 4 0 3 1 1
2227.7 -2212.0 -0.3 94 0 8.2 8.0 7.5 2.5 2 0 3 3 3
2207.4 -2263.2 0.1 202 0 14.8 17.9 10.0 2.5 2 1 4 1 1
2202.0 -2208.3 -0.0 176 0 9.1 9.5 2.5 2.5 2 1 1 4 4
2196.4 -2158.5 -1.3 175 0 8.7 8.4 7.5 0.0 0 0 3 4 4
2194.5 -2119.3 -2.4 172 0 5.9 10.3 7.5 2.5 2 1 3 5 5
2229.7 -2095.3 -4.0 8 0 14.5 10.4 7.5 2.5 2 0 3 1 1
2157.6 -2050.2 -3.5 179 0 11.8 10.6 5.0 2.5 2 0 2 0 0
2188.8 -2058.9 -4.3 173 0 15.0 14.4 5.0 0.0 0 0 2 2 2
2091.4 -2495.3 0.0 355 0 18.6 14.0 10.0 0.0 0 0 4 3 3
2194.8 -2403.2 1.0 83 0 7.3 8.3 5.0 2.5 2 1 2 2 2
2159.5 -2417.0 0.9 173 0 6.5 11.6 7.5 2.5 2 1 3 4 4
2186.7 -2337.4 -0.7 87 0 8.3 15.5 7.5 2.5 2 1 3 2 2
2207.0 -2395.8 1.0 354 0 10.4 8.5 5.0 2.5 2 0 2 0 0
2208.0 -2419.4 1.2 353 0 9.6 13.2 5.0 2.5 2 1 2 2 2
2268.8 -2332.6 2.5 96 0 13.4 4.5 7.5 2.5 2 0 3 5 5
2252.9 -2407.8 1.0 270 0 8.2 11.0 7.5 2.5 2 1 3 2 2
2384.0 -2159.7 1.8 261 0 9.2 10.3 5.0 0.0 0 1 2 4 4
2410.8 -2195.4 0.9 92 0 7.8 8.9 5.0 2.5 2 1 2 4 4
2337.0 -2270.6 3.3 87 0 10.4 10.5 5.0 2.5 2 1 2 5 5
2253.1 -2297.2 1.8 266 0 7.2 10.0 7.5 2.5 2 1 3 3 3
2211.3 -2301.1 -0.3 177 0 11.4 7.4 5.0 2.5 2 0 2 1 1
2197.4 -2294.6 -0.4 356 0 10.3 8.7 7.5 2.5 2 0 3 3 3
2181.9 -2240.4 0.2 14 0 9.3 6.7 2.5 2.5 4 0 1 4 4
2134.7 -2410.5 0.5 88 0 10.0 10.0 7.5 0.0 0 1 3 3 3
2156.8 -2152.5 -0.2 185 0 9.1 7.5 7.5 2.5 2 0 3 2 2
2182.3 -2101.7 -2.2 352 0 8.0 10.8 7.5 2.5 2 1 3 2 2
2135.5 -2132.8 0.1 3 0 5.4 14.8 2.5 2.5 2 1 1 4 4
2192.5 -2222.6 0.6 357 0 14.1 8.4 2.5 2.5 2 0 1 4 4
2172.9 -2280.6 -0.5 85 0 12.8 6.6 7.5 2.5 2 0 3 3 3
2155.5 -2282.8 -0.6 88 0 13.0 11.2 2.5 2.5 2 0 1 3 3
2213.9 -2547.1 0.9 353 0 9.8 9.3 7.5 2.5 2 0 3 2 2
6561.7 4667.5 -4.8 44 0 9.9 9.1 5.0 2.5 2 0 2 1 1
6544.1 4632.3 -4.6 44 0 11.3 10.3 7.5 2.5 2 0 3 5 5
6498.3 4620.5 -4.4 311 0 6.6 12.1 7.5 2.5 2 1 3 1 1
6477.3 4654.7 -3.6 220 0 14.3 14.1 5.0 2.5 2 0 2 4 4
6516.6 4688.8 -4.1 126 0 10.9 13.5 7.5 2.5 4 1 3 3 3
6492.4 4756.8 -3.6 216 0 19.7 10.9 5.0 2.5 2 0 2 1 1
6556.5 4786.4 -3.6 309 0 8.4 10.5 7.5 2.5 2 1 3 3 3
6609.4 4758.7 -5.1 130 0 16.7 11.6 5.0 0.0 0 0 2 0 0
6610.2 4634.8 -3.2 125 0 16.2 14.9 12.5 2.5 2 0 5 2 2
6621.0 4708.6 -5.3 222 0 11.4 8.9 5.0 2.5 2 0 2 5 5
6643.8 4708.4 -4.9 289 0 11.4 11.5 2.5 2.5 2 1 1 3 3
6653.5 4722.3 -5.5 94 0 9.6 10.0 7.5 2.5 2 1 3 5 5
6696.1 4753.6 -4.8 307 0 11.7 10.2 5.0 2.5 2 0 2 3 3
6680.3 4700.2 -4.7 136 0 14.1 14.9 5.0 2.5 4 1 2 3 3
6721.8 4705.6 -4.2 44 0 14.1 8.2 5.0 2.5 2 0 2 5 5
6767.1 4676.6 -3.3 35 0 12.0 10.8 5.0 2.5 2 0 2 5 5
6785.7 4611.5 -2.4 43 0 11.4 10.0 2.5 2.5 2 0 1 1 1
6830.7 4659.6 -2.5 217 0 11.0 9.4 2.5 2.5 4 0 1 3 3
6847.1 4777.8 -2.9 300 0 9.7 10.2 7.5 2.5 2 1 3 0 0
6829.0 4744.5 -3.0 121 0 7.3 13.8 7.5 2.5 2 1 3 1 1
6895.2 4756.9 -3.5 300 0 9.3 9.6 7.5 2.5 2 1 3 4 4
6882.1 4765.9 -2.9 302 0 9.5 9.8 5.0 2.5 4 1 2 4 4
6880.1 4821.2 -2.5 37 0 6.9 10.3 5.0 2.5 2 1 2 2 2
6825.6 4838.5 -4.3 129 0 14.4 11.9 7.5 2.5 2 0 3 0 0
6879.9 4963.4 -8.6 45 0 6.3 10.4 7.5 2.5 2 1 3 3 3
6823.3 4975.6 -5.0 40 0 13.0 19.8 12.5 2.5 2 1 5 0 0
6744.3 4992.2 -5.8 126 0 8.6 9.2 5.0 0.0 0 1 2 4 4
6693.1 5016.5 -8.2 214 0 9.1 5.8 2.5 2.5 4 0 1 3 3
6615.1 4834.6 -3.4 121 0 8.1 9.4 5.0 2.5 2 1 2 0 0
6594.7 4844.7 -3.3 122 0 9.4 12.0 5.0 2.5 2 1 2 5 5
6582.5 4853.6 -3.4 130 0 7.3 18.0 5.0 2.5 2 1 2 1 1
6584.5 4833.0 -3.1 309 0 11.5 12.5 5.0 2.5 2 1 2 3 3
6740.8 4841.8 -4.2 314 0 10.1 14.6 2.5 2.5 2 1 1 5 5
6763.6 4905.3 -4.7 40 0 6.0 12.4 5.0 2.5 2 1 2 1 1
6756.3 4892.9 -4.7 38 0 19.2 27.9 7.5 2.5 2 1 3 0 0
6686.1 4935.3 -4.3 41 0 10.4 10.7 5.0 2.5 2 1 2 3 3
6630.1 4927.9 -4.9 130 0 9.4 9.8 5.0 2.5 2 1 2 2 2
6624.2 5040.4 -9.6 215 0 10.3 12.2 10.0 2.5 2 1 4 2 2
6619.1 5025.5 -8.9 218 0 9.6 8.8 7.5 2.5 4 0 3 4 4
6684.9 5026.2 -9.1 36 0 12.9 12.8 2.5 2.5 2 0 1 5 5
2092.1 -2618.4 -0.8 356 0 8.8 16.1 5.0 2.5 2 1 2 3 3
2122.4 -2349.8 -1.1 93 0 9.7 18.3 5.0 2.5 2 1 2 5 5
2144.0 -2257.1 -0.1 33 0 12.0 17.9 5.0 2.5 2 1 2 0 0
2132.3 -2269.1 -0.4 35 0 15.8 14.3 2.5 2.5 2 0 1 2 2
2369.2 -2337.4 -1.5 267 0 11.5 31.2 10.0 0.0 0 1 4 5 5
