-6307.7 6491.7 -6.5 332 0 18.0 15.2 7.5 2.5 2 0 3 2 2
-6353.7 6432.9 -7.1 156 0 7.3 12.3 5.0 0.0 0 1 2 4 4
-6164.5 6475.5 -5.8 65 0 15.6 18.7 10.0 2.5 2 1 4 1 1
-2301.2 6725.5 1.0 255 0 7.1 9.3 5.0 2.5 2 1 2 3 3
-2321.3 6692.5 -0.2 158 0 10.3 9.5 7.5 0.0 0 0 3 4 4
-2249.6 6767.4 0.9 85 0 6.1 10.9 7.5 2.5 2 1 3 4 4
-2283.3 6853.2 -1.1 159 0 12.9 9.8 2.5 2.5 2 0 1 4 4
-2348.9 6786.0 0.9 166 0 5.4 11.9 5.0 2.5 2 1 2 5 5
-2345.7 6803.6 0.3 268 0 12.9 7.8 5.0 2.5 2 0 2 5 5
-2311.2 6804.7 0.6 266 0 10.1 9.1 7.5 0.0 0 0 3 4 4
-2301.6 6755.6 1.8 105 0 10.9 14.7 5.0 2.5 2 1 2 0 0
-2339.5 6757.4 0.8 177 0 10.0 11.7 5.0 2.5 2 1 2 4 4
-2378.8 6718.0 -1.5 115 0 9.6 10.3 7.5 2.5 2 1 3 5 5
-2352.4 6763.0 0.7 342 0 9.6 9.8 5.0 0.0 0 1 2 5 5
-2369.4 6747.1 -0.1 15 0 8.5 6.7 7.5 2.5 2 0 3 2 2
-2366.2 6808.8 -0.2 341 0 9.8 10.7 7.5 0.0 0 1 3 0 0
-2437.5 6717.7 -1.7 151 0 15.5 10.5 2.5 2.5 2 0 1 1 1
-2458.2 6758.5 -1.6 176 0 5.3 10.0 7.5 2.5 4 1 3 2 2
-2473.8 6786.3 -2.4 153 0 10.7 10.2 7.5 2.5 2 0 3 5 5
-2502.2 6799.8 -2.5 356 0 9.9 14.4 5.0 2.5 2 1 2 2 2
-2148.3 6785.1 -1.2 76 0 11.2 10.9 10.0 2.5 2 0 4 2 2
-2220.8 6820.9 0.8 93 0 5.4 15.8 5.0 0.0 0 1 2 2 2
-2249.8 6819.7 1.2 80 0 8.7 11.6 5.0 0.0 0 1 2 0 0
-2248.6 6811.4 1.2 267 0 10.2 8.8 2.5 2.5 2 0 1 1 1
-2233.5 6813.6 0.8 264 0 11.3 13.8 7.5 2.5 2 1 3 1 1
-2221.0 6751.2 -0.0 261 0 9.0 10.3 7.5 2.5 2 1 3 4 4
-2232.9 6748.3 0.2 257 0 10.8 10.9 5.0 2.5 2 1 2 5 5
-2200.6 6689.8 -0.4 169 0 15.7 12.8 5.0 2.5 2 0 2 3 3
-2110.8 6618.7 0.0 175 0 11.7 7.5 7.5 0.0 0 0 3 0 0
-2112.9 6681.1 -0.2 190 0 9.8 12.6 5.0 2.5 4 1 2 1 1
-2119.1 6694.6 -0.2 97 0 10.3 12.6 10.0 2.5 2 1 4 5 5
-2072.3 6794.2 -6.8 256 0 8.7 12.3 2.5 2.5 2 1 1 5 5
-2146.3 6773.2 -1.0 251 0 20.1 11.1 2.5 0.0 0 0 1 0 0
-2058.9 6812.4 -8.6 75 0 5.7 14.8 5.0 2.5 2 1 2 0 0
-2096.9 6857.7 -7.9 167 0 12.3 8.5 5.0 2.5 2 0 2 5 5
-2106.9 6862.6 -6.6 349 0 12.2 9.3 2.5 2.5 2 0 1 4 4
-2109.1 6904.4 -8.3 166 0 21.0 11.1 7.5 2.5 4 0 3 1 1
-2320.2 6957.2 -4.7 355 0 8.5 6.7 7.5 2.5 2 0 3 3 3
-2319.7 6923.4 -3.4 171 0 11.0 5.8 7.5 2.5 2 0 3 3 3
-2313.1 6874.1 -2.4 170 0 14.4 25.7 10.0 0.0 0 1 4 3 3
-2295.1 6928.3 -3.4 260 0 5.2 13.0 7.5 0.0 0 1 3 2 2
-2325.5 6870.7 -2.2 350 0 11.4 5.0 2.5 0.0 0 0 1 1 1
-2358.3 6816.3 -0.5 162 0 9.4 9.6 5.0 0.0 0 1 2 2 2
-2363.5 6845.4 -1.5 161 0 14.8 11.9 5.0 0.0 0 0 2 2 2
-2447.1 6818.5 -1.4 272 0 10.8 7.9 2.5 2.5 2 0 1 5 5
-2409.7 6802.7 -0.3 5 0 10.3 11.5 2.5 2.5 2 1 1 2 2
-2397.1 6871.9 -2.2 255 0 8.3 6.1 7.5 2.5 2 0 3 4 4
-2380.9 6853.8 -1.6 342 0 10.2 5.7 2.5 2.5 2 0 1 4 4
-2407.1 6835.9 -1.5 162 0 27.3 10.4 10.0 2.5 2 0 4 0 0
-2474.2 6857.8 -3.0 72 0 9.7 11.1 7.5 2.5 2 1 3 0 0
-2399.4 6887.6 -3.0 67 0 11.2 12.3 7.5 2.5 2 1 3 1 1
-2391.2 6936.6 -3.8 162 0 16.6 11.8 10.0 2.5 2 0 4 1 1
-2409.8 6913.6 -3.5 69 0 9.0 8.1 2.5 2.5 2 0 1 4 4
-2422.4 6954.7 -5.3 253 0 14.4 31.5 10.0 2.5 2 1 4 0 0
-2441.6 6901.1 -4.1 73 0 6.9 16.1 2.5 2.5 2 0 1 5 5
-2558.4 6888.7 -5.8 166 0 12.9 6.2 2.5 2.5 2 0 1 0 0
-2567.6 6945.9 -10.0 252 0 10.6 34.5 12.5 2.5 2 1 5 2 2
-2135.7 6580.9 1.7 344 0 6.9 8.7 5.0 0.0 0 1 2 3 3
-2135.5 6547.9 -0.1 78 0 5.2 11.4 7.5 2.5 2 1 3 5 5
-2156.6 6541.5 -0.4 172 0 6.8 9.1 2.5 2.5 2 1 1 3 3
-2155.8 6594.3 1.9 169 0 11.2 11.6 7.5 2.5 2 1 3 3 3
-2158.5 6637.3 1.3 183 0 12.0 8.6 2.5 2.5 2 0 1 4 4
-2174.6 6570.8 0.9 167 0 12.7 12.2 7.5 2.5 2 0 3 3 3
-2177.9 6590.6 1.7 169 0 12.5 10.1 5.0 2.5 2 0 2 3 3
-2277.9 6589.2 -0.2 179 0 11.3 11.3 5.0 2.5 2 0 2 2 2
-2296.0 6551.4 -2.1 78 0 9.7 13.7 2.5 2.5 2 1 1 1 1
-2300.0 6585.6 -0.9 349 0 8.7 14.4 2.5 2.5 4 1 1 4 4
-2339.5 6542.4 -2.1 79 0 9.2 12.3 7.5 2.5 2 1 3 0 0
-2389.9 6644.0 -2.8 214 0 6.2 9.9 7.5 2.5 2 1 3 2 2
-2385.1 6651.7 -3.0 194 0 8.5 9.8 5.0 2.5 4 1 2 3 3
-2421.2 6691.4 -3.4 251 0 9.6 9.2 5.0 2.5 2 0 2 0 0
-2392.5 6652.4 -3.2 16 0 9.3 9.6 5.0 2.5 2 1 2 2 2
-2441.9 6622.0 -2.6 190 0 11.4 9.3 2.5 2.5 2 0 1 5 5
-2437.9 6680.9 -3.3 343 0 9.7 8.8 2.5 2.5 2 0 1 5 5
-2445.1 6652.2 -3.0 353 0 12.3 9.1 7.5 2.5 2 0 3 4 4
-2453.5 6613.3 -2.4 16 0 10.5 8.6 7.5 2.5 2 0 3 3 3
-2461.5 6587.2 -1.8 15 0 10.6 11.8 5.0 2.5 2 1 2 4 4
-2541.8 6653.3 -1.2 257 0 5.2 11.2 5.0 2.5 2 1 2 5 5
-2503.6 6610.6 -1.8 85 0 9.2 11.2 5.0 2.5 2 1 2 2 2
-2499.5 6636.6 -2.1 353 0 9.4 7.5 2.5 2.5 2 0 1 0 0
-2563.0 6678.5 -0.7 153 0 7.9 10.5 7.5 2.5 2 1 3 1 1
-2585.6 6678.0 -0.5 350 0 15.6 10.3 2.5 2.5 2 0 1 3 3
-2499.6 6708.7 -2.4 355 0 13.2 4.9 7.5 2.5 2 0 3 4 4
-2553.5 6709.5 -1.1 168 0 11.1 12.7 7.5 2.5 2 1 3 0 0
-2498.3 6776.0 -2.7 277 0 6.8 10.1 5.0 2.5 2 1 2 0 0
-2307.9 6650.1 -0.2 172 0 9.5 9.0 7.5 2.5 2 0 3 1 1
-2194.6 6634.4 0.7 260 0 4.7 10.9 7.5 2.5 2 1 3 2 2
-2186.1 6567.9 0.5 349 0 14.9 6.9 5.0 2.5 2 0 2 1 1
-2270.3 6539.2 -2.0 168 0 10.0 8.3 2.5 2.5 2 0 1 1 1
-2277.4 6551.8 -1.6 171 0 5.3 10.4 2.5 2.5 4 1 1 2 2
-2219.4 6592.1 0.8 1 0 17.0 7.0 5.0 2.5 2 0 2 2 2
-2198.3 6547.7 -0.4 347 0 8.7 6.3 2.5 2.5 4 0 1 2 2
-2169.9 6692.5 0.2 7 0 10.1 7.0 7.5 2.5 2 0 3 0 0
-2102.6 6757.2 -3.5 93 0 8.9 8.1 7.5 2.5 2 0 3 0 0
-2086.6 6841.0 -7.9 119 0 5.9 8.9 5.0 2.5 2 1 2 3 3
-2350.5 6573.1 -1.3 85 0 12.8 6.9 5.0 0.0 0 0 2 5 5
-2465.9 6756.6 -2.0 247 0 5.8 9.7 7.5 2.5 2 1 3 3 3
-2333.6 6882.1 -2.4 355 0 12.0 7.6 5.0 2.5 4 0 2 1 1
-2347.7 6852.6 -1.7 165 0 11.9 10.1 5.0 2.5 2 0 2 1 1
-2256.6 6856.4 -0.5 338 0 12.5 14.5 5.0 2.5 2 1 2 3 3
-2210.7 6654.6 -0.5 3 0 12.7 11.5 7.5 2.5 4 0 3 4 4
-2095.6 6732.3 -2.8 269 0 9.6 11.3 2.5 2.5 4 1 1 5 5
-2171.6 6767.6 1.0 175 0 6.1 9.5 5.0 2.5 2 1 2 1 1
-2607.4 6648.2 -1.5 75 0 7.9 30.6 2.5 2.5 2 1 1 4 4
-2718.6 6560.5 -8.0 8 0 10.0 24.3 7.5 2.5 2 1 3 4 4
-2657.0 6864.3 -7.2 137 0 24.3 9.8 7.5 2.5 2 0 3 5 5
-2633.5 6864.8 -8.5 48 0 10.9 28.6 10.0 0.0 0 1 4 2 2
-2206.0 6801.0 0.5 289 0 8.6 10.8 7.5 0.0 0 1 3 0 0
-2119.3 6958.4 -5.0 259 0 9.5 8.6 5.0 2.5 2 0 2 3 3
-2464.0 6733.9 -2.6 12 0 15.9 16.3 7.5 2.5 2 1 3 5 5
-2524.2 6847.7 -3.8 273 0 10.6 12.1 7.5 0.0 0 1 3 0 0
-6266.7 6384.8 -6.4 61 0 18.9 17.8 10.0 2.5 2 0 4 3 3
-6420.1 6536.6 -10.5 85 0 12.9 9.6 7.5 0.0 0 0 3 0 0
-6138.8 6515.9 -5.5 332 0 10.0 9.7 7.5 2.5 2 0 3 3 3
-5938.2 6420.1 -8.4 66 0 11.2 21.2 2.5 2.5 2 1 1 0 0
-6016.8 6463.2 -8.0 156 0 12.9 38.8 12.5 2.5 2 1 5 2 2
-5883.1 6444.6 -9.0 65 0 14.6 20.1 10.0 2.5 2 1 4 4 4
-5939.8 6500.7 -7.4 290 0 10.8 11.2 5.0 2.5 2 1 2 3 3
-5772.6 6494.4 -6.2 67 0 17.6 13.4 5.0 2.5 2 0 2 4 4
-5787.7 6510.2 -9.7 157 0 7.2 16.0 2.5 2.5 4 1 1 3 3
-5762.4 6708.8 -7.2 352 0 11.3 20.6 5.0 2.5 2 1 2 5 5
-5671.2 6660.2 -6.0 332 0 8.8 12.4 2.5 2.5 2 1 1 5 5
