-4536.1 -2516.5 -0.0 330 0 11.2 8.6 7.5 2.5 2 0 3 0 0
-4619.7 -2541.6 -2.3 155 0 6.2 12.7 7.5 2.5 2 1 3 4 4
-4616.6 -2548.1 -2.9 155 0 6.2 12.7 5.0 2.5 2 1 2 1 1
-4591.4 -2601.4 -5.0 155 0 6.2 12.7 7.5 0.0 0 1 3 1 1
-4597.4 -2589.1 -5.0 155 0 6.2 12.7 7.5 2.5 2 1 3 5 5
-4600.6 -2581.1 -5.0 155 0 6.2 12.7 2.5 2.5 2 1 1 3 3
-4608.4 -2505.4 0.0 241 0 18.4 13.2 7.5 2.5 2 0 3 4 4
-4565.3 -2534.9 -2.6 329 0 21.3 7.6 5.0 2.5 2 0 2 1 1
-4586.6 -2507.5 -0.5 240 0 7.6 20.7 5.0 2.5 2 1 2 2 2
-4566.8 -2495.8 0.7 240 0 8.5 22.6 7.5 0.0 0 1 3 4 4
-4546.1 -2523.7 -1.4 330 0 21.2 8.5 5.0 2.5 2 0 2 4 4
-4533.6 -2544.8 -3.7 329 0 25.8 8.5 5.0 2.5 2 0 2 3 3
-4579.9 -2629.6 -5.0 179 0 26.2 8.9 7.5 2.5 2 0 3 1 1
-4523.6 -2611.9 -5.0 59 0 27.0 18.1 12.5 2.5 2 0 5 4 4
-4511.5 -2559.2 -4.4 332 0 8.5 8.8 7.5 2.5 4 1 3 5 5
-4673.1 -2475.7 -5.0 225 0 24.1 51.9 12.5 2.5 2 1 5 5 5
