-4331.2 -6601.5 -3.7 27 0 8.1 10.9 7.5 2.5 2 1 3 1 1
-4281.8 -6613.6 -2.6 304 0 4.9 10.4 7.5 2.5 2 1 3 4 4
-4299.2 -6617.5 -2.6 304 0 7.3 8.3 5.0 2.5 2 1 2 0 0
-4341.0 -6570.6 -5.6 303 0 11.9 13.3 2.5 0.0 0 1 1 5 5
-4325.1 -6612.7 -2.6 209 0 14.3 10.2 5.0 2.5 2 0 2 2 2
-4327.1 -6628.0 -3.1 303 0 9.0 9.2 7.5 2.5 2 1 3 5 5
-4372.4 -6644.1 -7.0 296 0 11.2 7.9 2.5 2.5 2 0 1 4 4
-4232.1 -6550.9 -2.3 317 0 11.3 7.4 7.5 2.5 2 0 3 4 4
-4284.5 -6537.7 -2.2 213 0 19.9 13.1 7.5 2.5 2 0 3 1 1
-4252.4 -6496.2 -2.9 311 0 11.4 7.7 7.5 2.5 2 0 3 1 1
-4168.2 -6554.9 -2.2 44 0 10.7 11.8 5.0 2.5 4 1 2 2 2
-4187.9 -6632.9 -4.9 33 0 10.8 16.5 5.0 2.5 2 1 2 1 1
-4206.5 -6637.8 -5.1 314 0 9.2 15.7 5.0 2.5 2 1 2 4 4
-4365.7 -6690.9 -7.6 26 0 12.1 16.4 5.0 0.0 0 1 2 4 4
