1676.5 2063.4 2.2 284 0 15.8 37.4 14.0 3.5 2 1 4 3 3
1712.0 1968.5 -1.0 288 0 9.2 21.5 10.5 3.5 2 1 3 5 5
1652.6 2000.7 2.0 105 0 17.0 27.3 14.0 3.5 2 1 4 2 2
1869.9 2007.2 -1.2 108 0 11.1 32.9 10.5 3.5 2 1 3 4 4
1524.5 1950.7 -5.0 94 0 7.2 11.7 7.5 2.5 2 1 3 1 1
1711.0 1998.3 0.8 297 0 11.5 12.8 14.0 3.5 2 1 4 1 1
1843.6 2006.5 -1.6 107 0 35.8 13.8 10.5 3.5 2 0 3 3 3
2119.7 2018.2 -0.8 278 0 26.5 13.7 14.0 3.5 2 0 4 5 5
1861.5 2063.7 1.8 291 0 33.2 12.3 10.5 3.5 2 0 3 3 3
1885.8 1998.7 -1.6 108 0 10.5 15.4 10.5 3.5 2 1 3 5 5
1817.2 1989.4 -3.1 212 0 17.0 26.2 14.0 3.5 2 1 4 5 5
1683.7 1978.0 0.4 292 0 17.8 31.2 10.5 3.5 2 1 3 1 1
1911.6 2015.0 -1.0 198 0 34.2 19.5 10.5 0.0 0 0 3 4 4
5854.0 1478.3 -9.8 280 0 29.0 14.4 12.5 2.5 4 0 5 4 4
1901.1 2021.9 0.5 18 0 16.5 12.3 10.5 3.5 2 0 3 2 2
1858.4 1971.6 -4.5 200 0 20.7 10.8 14.0 3.5 2 0 4 3 3
5868.4 1441.7 -9.9 12 0 23.5 39.0 12.5 0.0 0 0 5 4 4
1908.7 2038.2 2.9 21 0 7.3 23.7 10.5 3.5 2 1 3 0 0
5817.4 1432.9 -9.8 102 0 18.5 12.4 10.0 2.5 2 0 4 2 2
2181.8 1982.3 -4.6 8 0 19.8 14.2 14.0 3.5 2 0 4 2 2
1836.8 2129.9 3.2 22 0 17.9 11.4 10.5 3.5 2 0 3 1 1
1810.1 2016.3 -0.1 112 0 8.4 13.0 10.5 3.5 2 1 3 3 3
1800.7 2019.4 0.1 110 0 9.5 13.7 10.5 3.5 2 1 3 4 4
1795.9 2011.1 -1.1 297 0 17.6 8.4 10.5 3.5 2 0 3 4 4
1777.4 2024.8 -0.3 296 0 14.2 12.5 14.0 0.0 0 0 4 5 5
1759.9 1994.8 -1.5 110 0 11.8 17.2 14.0 3.5 2 1 4 2 2
2234.1 1977.3 -5.4 92 0 11.6 23.7 10.5 3.5 2 1 3 3 3
1991.5 2081.9 -0.5 204 0 13.4 17.6 10.5 3.5 2 1 3 3 3
1981.9 2087.0 -1.1 16 0 12.3 13.2 10.5 0.0 0 1 3 3 3
1965.2 2105.1 -2.3 20 0 11.2 13.0 10.5 3.5 2 1 3 5 5
1998.7 2095.8 -2.1 182 0 14.3 11.6 10.5 3.5 2 0 3 1 1
1703.1 2183.7 4.9 205 0 8.2 14.7 10.5 3.5 2 1 3 4 4
1492.9 2051.5 4.9 125 0 10.7 8.3 10.5 3.5 4 0 3 3 3
1455.2 2067.3 4.5 303 0 11.5 11.6 14.0 3.5 4 1 4 5 5
1925.8 2071.0 1.4 195 0 13.6 14.7 10.5 3.5 2 1 3 1 1
4807.4 1627.8 -5.7 10 0 19.1 11.4 5.0 2.5 2 0 2 5 5
4823.6 1624.8 -5.5 10 0 11.0 10.5 7.5 2.5 2 0 3 0 0
4758.8 1721.0 -0.2 6 0 17.4 9.5 5.0 2.5 2 0 2 2 2
4721.5 1663.0 1.9 280 0 10.2 10.0 5.0 2.5 2 0 2 4 4
4829.9 1653.0 -2.8 8 0 16.8 9.0 2.5 2.5 2 0 1 5 5
4765.6 1712.1 1.0 185 0 9.1 9.9 7.5 2.5 2 1 3 5 5
4991.1 1607.7 -4.9 6 0 14.2 10.2 7.5 2.5 2 0 3 4 4
4895.1 1717.8 -0.7 188 0 15.3 10.0 5.0 2.5 2 0 2 2 2
4929.0 1700.7 0.6 95 0 11.3 11.1 5.0 2.5 2 0 2 0 0
-1126.7 2119.5 1.8 111 0 17.3 4.9 7.5 0.0 0 0 3 1 1
-1056.8 2354.0 4.9 296 0 13.4 10.7 10.0 2.5 4 0 4 5 5
-1049.2 2366.0 4.7 296 0 13.3 9.6 5.0 2.5 2 0 2 2 2
-1019.5 2349.6 4.5 301 0 14.0 23.2 12.5 2.5 2 1 5 1 1
-985.3 2430.4 4.2 297 0 6.7 11.9 5.0 2.5 2 1 2 1 1
-975.7 2408.6 4.2 301 0 19.8 18.8 7.5 2.5 4 0 3 1 1
-770.2 2429.1 -6.3 215 0 10.7 20.7 7.5 2.5 2 1 3 0 0
-1327.2 2343.1 4.4 115 0 9.3 30.2 7.5 2.5 2 1 3 0 0
-1347.0 2294.2 6.2 200 0 7.0 7.3 5.0 2.5 2 1 2 1 1
-1318.0 2399.3 3.8 294 0 9.7 29.4 7.5 2.5 2 1 3 3 3
-1387.3 2240.6 6.4 111 0 12.1 17.3 7.5 0.0 0 1 3 4 4
-1383.4 2405.2 5.3 224 0 15.9 27.9 12.5 2.5 4 1 5 0 0
-1365.9 2342.7 6.2 118 0 11.0 17.6 5.0 2.5 2 1 2 3 3
-1353.7 2365.0 5.1 114 0 12.0 21.9 12.5 2.5 4 1 5 3 3
-1336.6 2421.5 3.9 298 0 12.3 12.8 5.0 2.5 2 1 2 5 5
-1266.6 2246.4 5.2 19 0 9.0 14.4 7.5 2.5 2 1 3 4 4
-1303.0 2164.3 6.2 21 0 14.3 12.5 7.5 2.5 2 0 3 1 1
-1287.9 2194.2 5.8 19 0 9.6 16.4 7.5 0.0 0 1 3 5 5
-1309.0 2219.8 5.7 20 0 12.5 10.0 2.5 0.0 0 0 1 5 5
-1348.5 2191.5 6.4 200 0 6.7 8.8 5.0 0.0 0 0 2 3 3
-1350.0 2199.9 6.3 200 0 8.0 13.1 5.0 0.0 0 0 2 3 3
