-144.2 3433.6 -1.8 197 0 54.1 77.7 14.0 0.0 0 1 4 1 1
-259.1 3459.9 1.8 182 0 12.2 10.7 14.0 3.5 2 0 4 5 5
-258.7 3441.6 2.2 178 0 24.5 10.5 14.0 3.5 2 0 4 0 0
-274.4 3431.5 -0.5 87 0 14.5 18.5 14.0 3.5 2 0 4 2 2
-251.2 3549.4 -1.0 93 0 13.5 22.2 14.0 3.5 2 0 4 4 4
-209.5 3597.6 -1.3 268 0 54.2 51.5 14.0 0.0 0 0 4 3 3
-246.0 3595.9 -1.7 273 0 22.4 23.7 14.0 3.5 2 1 4 4 4
-116.9 3557.6 1.1 14 0 26.3 27.9 14.0 0.0 0 1 4 5 5
-69.5 3511.3 1.8 283 0 32.2 37.0 14.0 0.0 0 1 4 1 1
2100.2 413.1 1.0 268 0 8.5 10.6 2.5 0.0 0 1 1 1 1
1939.2 511.2 -0.9 34 0 20.3 11.7 5.0 2.5 2 0 2 1 1
1823.2 632.4 0.4 66 0 11.5 18.7 7.5 2.5 2 1 3 1 1
-60.3 3686.3 0.0 125 0 11.2 20.2 10.5 3.5 2 1 3 3 3
-7.3 3634.0 2.1 14 0 11.9 12.1 10.5 3.5 2 1 3 0 0
-18.8 3622.7 2.1 14 0 10.8 14.3 10.5 3.5 2 1 3 1 1
13.4 3658.8 1.3 198 0 10.5 11.1 10.5 3.5 2 1 3 5 5
48.0 3618.6 -0.1 104 0 11.4 25.6 10.5 3.5 2 1 3 2 2
4.4 3524.2 0.3 15 0 15.3 12.0 14.0 3.5 4 0 4 3 3
-20.2 3501.2 0.9 289 0 13.1 11.5 14.0 3.5 2 0 4 5 5
-32.2 3467.3 0.9 196 0 9.7 9.6 10.5 3.5 2 0 3 5 5
-37.7 3452.5 -0.3 189 0 13.7 12.4 14.0 0.0 0 0 4 1 1
121.5 3452.3 -3.7 34 0 19.3 21.6 14.0 3.5 2 1 4 2 2
174.7 3714.1 -1.8 10 0 12.4 10.0 10.5 3.5 2 0 3 1 1
205.3 3662.2 -1.5 99 0 12.6 24.0 10.5 3.5 2 1 3 5 5
148.4 3780.0 -2.2 197 0 8.0 9.2 10.5 3.5 2 1 3 0 0
140.3 3805.9 -2.3 287 0 5.5 13.3 10.5 3.5 2 1 3 3 3
138.8 3776.0 -2.2 19 0 11.4 7.9 10.5 3.5 4 0 3 0 0
24.1 3843.5 0.9 286 0 9.2 15.3 10.5 3.5 2 1 3 3 3
39.2 3801.2 1.2 107 0 11.3 17.9 14.0 3.5 2 1 4 1 1
42.5 3875.1 0.1 292 0 9.5 12.4 10.5 0.0 0 1 3 1 1
-55.2 3848.5 1.1 287 0 6.1 11.1 10.5 3.5 2 1 3 3 3
-36.7 3846.5 0.1 287 0 12.4 8.1 10.5 3.5 2 0 3 2 2
-80.9 3860.5 0.7 286 0 10.6 12.3 10.5 3.5 2 1 3 2 2
-77.9 3864.2 0.6 109 0 9.7 9.5 10.5 3.5 4 0 3 1 1
-46.9 3748.0 0.7 196 0 14.3 9.6 10.5 3.5 4 0 3 1 1
-45.8 3719.0 0.4 107 0 9.8 17.4 10.5 3.5 2 1 3 0 0
-26.8 3777.2 1.6 104 0 11.3 12.8 14.0 3.5 2 1 4 5 5
-65.5 3898.8 -5.0 106 0 9.7 14.3 10.5 3.5 2 1 3 1 1
-35.8 3852.5 -2.6 110 0 9.7 14.9 10.5 3.5 2 1 3 3 3
-102.0 3793.3 1.1 286 0 11.0 20.7 10.5 3.5 2 1 3 2 2
-142.2 3848.8 -2.1 114 0 17.3 13.1 14.0 0.0 0 0 4 2 2
-116.7 3793.6 1.3 18 0 10.7 15.6 10.5 0.0 0 1 3 0 0
-159.0 3797.0 1.2 29 0 9.5 10.6 10.5 3.5 2 1 3 2 2
-179.8 3826.5 -2.9 119 0 10.3 13.5 14.0 3.5 2 1 4 2 2
-204.7 3770.2 -0.6 119 0 12.4 10.0 14.0 3.5 2 0 4 5 5
-186.0 3800.2 0.4 293 0 8.3 13.9 10.5 0.0 0 1 3 4 4
-191.6 3765.0 0.8 112 0 7.3 16.5 10.5 3.5 2 1 3 3 3
-182.2 3760.3 0.8 111 0 8.9 14.5 10.5 3.5 2 1 3 5 5
-215.9 3707.3 -0.2 19 0 9.5 7.8 10.5 3.5 2 0 3 4 4
-210.2 3725.6 0.1 19 0 8.5 7.8 10.5 3.5 2 0 3 2 2
-195.8 3740.4 0.4 203 0 12.9 10.6 14.0 3.5 2 0 4 0 0
-168.5 3634.1 -0.5 29 0 10.4 10.1 10.5 3.5 2 0 3 0 0
-191.0 3686.3 -0.2 288 0 10.0 12.5 10.5 3.5 4 1 3 2 2
-189.0 3694.7 0.1 104 0 7.3 12.0 10.5 3.5 2 1 3 1 1
-200.6 3725.5 0.2 198 0 11.6 6.9 10.5 3.5 2 0 3 4 4
-222.8 3632.6 -1.4 18 0 14.4 8.3 10.5 3.5 2 0 3 2 2
-253.9 3635.0 -2.0 188 0 16.6 10.2 14.0 3.5 2 0 4 0 0
-178.9 3525.6 1.8 283 0 10.8 33.7 14.0 3.5 2 1 4 0 0
-160.3 3519.0 2.3 283 0 11.4 32.1 14.0 3.5 2 1 4 4 4
-139.5 3486.0 2.9 15 0 43.3 11.4 14.0 3.5 2 0 4 3 3
-201.8 3589.2 -0.6 283 0 18.0 37.7 14.0 0.0 0 1 4 2 2
-244.4 3495.7 1.1 178 0 14.0 12.6 14.0 3.5 2 0 4 5 5
-220.5 3514.0 0.9 357 0 15.4 12.5 14.0 3.5 2 0 4 2 2
-216.1 3494.6 1.4 356 0 18.3 14.5 14.0 3.5 2 0 4 3 3
-255.6 3487.9 0.9 178 0 31.4 10.1 14.0 3.5 4 0 4 4 4
