-4516.0 -4213.5 -2.5 259 0 9.5 31.3 5.0 2.5 2 1 2 1 1
-4517.8 -4324.4 -2.1 286 0 8.2 16.4 7.5 2.5 2 1 3 3 3
-4632.5 -4285.5 -3.3 107 0 12.9 8.6 7.5 2.5 2 0 3 4 4
-4667.2 -4211.2 -4.5 308 0 14.4 12.9 5.0 2.5 2 0 2 5 5
-4766.1 -3987.9 -4.8 107 0 9.7 28.0 7.5 0.0 0 1 3 2 2
-4692.9 -4071.4 0.4 195 0 10.5 8.9 7.5 2.5 2 0 3 4 4
-2609.1 -1480.2 -2.5 258 0 5.4 19.0 7.5 2.5 2 1 3 5 5
-2626.2 -1447.1 -0.2 253 0 8.3 14.5 7.5 2.5 2 1 3 4 4
-2670.1 -1441.3 -1.6 163 0 13.8 8.5 5.0 2.5 2 0 2 0 0
-2646.1 -1391.2 -1.2 2 0 15.8 8.3 7.5 2.5 2 0 3 5 5
-2639.6 -1418.3 -0.6 251 0 8.1 13.3 5.0 2.5 2 1 2 4 4
-2424.7 -1404.0 -2.1 255 0 34.0 43.2 10.0 0.0 0 1 4 2 2
5394.1 6466.5 -6.8 272 0 38.4 36.6 7.5 0.0 0 0 3 5 5
5643.9 6489.3 -5.5 275 0 15.7 36.0 10.0 2.5 2 1 4 0 0
-2400.1 -1253.3 3.3 340 0 6.0 10.5 7.5 2.5 2 1 3 1 1
-2265.2 -1230.5 1.1 159 0 13.5 24.1 12.5 2.5 2 1 5 2 2
-2277.7 -1278.7 0.3 251 0 18.1 12.0 5.0 2.5 2 0 2 0 0
-4593.6 -4190.1 -2.9 181 0 8.6 9.7 2.5 2.5 2 1 1 0 0
-4593.9 -4212.7 -3.5 191 0 8.7 12.4 2.5 2.5 2 1 1 5 5
-4682.2 -4162.1 -1.2 12 0 12.1 9.2 7.5 2.5 2 0 3 4 4
-4689.5 -4188.8 -2.9 16 0 10.3 9.6 2.5 2.5 2 0 1 1 1
-4762.9 -4209.0 -3.6 103 0 8.9 8.9 7.5 2.5 2 1 3 2 2
-4669.7 -4274.8 -5.2 102 0 10.4 8.1 7.5 2.5 2 0 3 2 2
-4682.9 -4273.0 -6.2 98 0 7.7 9.9 5.0 2.5 2 1 2 4 4
-4723.2 -4292.7 -7.0 4 0 8.7 10.8 7.5 2.5 2 1 3 1 1
-4632.2 -4363.3 -1.8 110 0 8.9 14.0 5.0 0.0 0 1 2 5 5
-4597.0 -4348.9 -2.4 297 0 18.5 15.7 7.5 0.0 0 0 3 2 2
-2486.8 -1354.2 0.5 160 0 7.7 9.7 5.0 2.5 2 1 2 1 1
-2479.2 -1307.3 1.2 253 0 8.8 9.9 2.5 2.5 2 1 1 5 5
-2525.9 -1371.3 -0.1 160 0 13.1 12.6 5.0 2.5 2 0 2 5 5
-2386.7 -1323.1 1.5 295 0 7.8 14.4 5.0 2.5 2 1 2 2 2
-2547.4 -1361.5 0.3 346 0 7.5 10.0 7.5 2.5 4 1 3 4 4
-2569.1 -1373.9 -0.1 69 0 6.1 16.0 5.0 2.5 2 1 2 3 3
-2440.0 -1265.6 3.0 65 0 7.7 8.1 5.0 2.5 2 1 2 2 2
