-3007.4 3067.1 -4.0 289 0 16.7 47.2 7.5 2.5 2 1 3 3 3
-3033.3 3076.8 -3.4 290 0 16.5 46.3 12.5 2.5 2 1 5 0 0
-2328.1 2878.0 0.9 38 0 32.9 9.4 7.5 0.0 0 0 3 0 0
-2360.0 2922.0 1.5 219 0 25.7 11.7 12.5 2.5 2 0 5 0 0
-2390.6 2840.6 -2.0 127 0 26.9 11.1 7.5 2.5 2 0 3 1 1
-2565.4 2771.0 -3.6 216 0 8.5 26.1 2.5 2.5 2 1 1 5 5
-2565.8 2740.9 -4.4 129 0 15.2 8.5 5.0 2.5 2 0 2 1 1
-2403.5 2891.1 -1.8 38 0 22.0 12.9 10.0 2.5 2 0 4 5 5
-2370.3 2957.6 3.5 133 0 21.4 16.8 7.5 2.5 2 0 3 3 3
-1551.5 1824.6 3.8 129 0 13.6 8.1 7.5 2.5 2 0 3 4 4
-2660.5 3113.6 0.9 42 0 10.9 11.4 2.5 2.5 2 1 1 0 0
-2496.7 2788.6 -1.2 126 0 9.5 21.1 7.5 2.5 2 1 3 3 3
-2474.0 2767.6 -1.2 125 0 17.1 13.7 7.5 2.5 2 0 3 3 3
-2021.5 2616.6 -1.1 127 0 14.8 11.5 7.5 2.5 2 0 3 4 4
-2175.8 2615.3 -2.3 303 0 11.1 13.8 5.0 2.5 2 1 2 3 3
-2243.5 2558.9 -1.5 37 0 11.9 10.7 5.0 2.5 2 0 2 4 4
-2724.0 2858.4 -5.9 23 0 26.3 28.6 12.5 0.0 0 1 5 2 2
