-4653.5 -2109.8 1.8 43 0 11.4 22.9 5.0 2.5 2 1 2 5 5
-4781.6 -2144.2 -1.9 321 0 21.7 12.7 12.5 2.5 2 0 5 5 5
-4623.2 -2143.6 1.0 326 0 23.3 12.5 10.0 2.5 2 0 4 4 4
-4889.5 -2027.0 0.7 133 0 23.3 12.6 7.5 2.5 2 0 3 0 0
-4714.7 -2190.4 -2.4 207 0 13.4 23.7 10.0 2.5 2 1 4 0 0
-4648.3 -2210.8 -2.1 293 0 23.8 14.3 10.0 2.5 4 0 4 2 2
-4869.7 -2049.9 -1.0 139 0 24.1 13.3 12.5 0.0 0 0 5 0 0
-4622.2 -2225.5 -2.2 295 0 22.0 12.9 12.5 2.5 2 0 5 4 4
-4681.0 -2213.1 -2.3 113 0 22.2 12.8 12.5 2.5 2 0 5 5 5
-4676.4 -2091.1 1.4 40 0 13.1 23.0 10.0 2.5 2 1 4 1 1
-4586.6 -2188.6 0.4 334 0 23.7 11.8 7.5 2.5 2 0 3 5 5
-4724.3 -2178.2 -1.9 292 0 21.2 11.5 5.0 2.5 2 0 2 5 5
-4845.3 -2211.8 -6.3 209 0 17.4 17.8 7.5 2.5 2 1 3 1 1
-4824.0 -2108.0 -1.8 138 0 22.3 13.2 12.5 2.5 2 0 5 1 1
-4930.5 -1988.3 0.8 135 0 23.7 13.6 7.5 2.5 2 0 3 0 0
-4801.6 -2255.9 -6.3 29 0 9.5 10.0 7.5 2.5 2 1 3 3 3
-4806.8 -2131.7 -1.5 139 0 22.0 12.9 10.0 2.5 2 0 4 0 0
-4652.1 -2114.7 1.4 233 0 11.9 23.7 10.0 2.5 4 1 4 0 0
-4954.0 -1955.8 1.4 223 0 12.5 22.1 7.5 2.5 2 1 3 3 3
-4910.0 -2009.0 0.8 134 0 22.4 12.4 7.5 2.5 2 0 3 5 5
-4607.8 -2166.2 0.8 324 0 22.4 10.3 5.0 2.5 2 0 2 5 5
-6824.8 -2820.3 -8.4 356 0 18.0 16.4 15.0 0.0 0 0 6 0 0
955.8 -6329.0 -5.5 340 0 97.3 31.7 17.5 0.0 0 0 5 2 2
1714.6 -6741.9 -7.0 274 0 47.9 28.9 10.5 0.0 0 0 3 0 0
-863.1 -4037.9 -2.3 178 0 24.6 7.0 7.5 2.5 2 0 3 4 4
-897.6 -3987.1 -3.1 268 0 11.9 17.8 5.0 2.5 2 1 2 2 2
-597.3 -3934.0 -3.0 179 0 12.8 72.5 10.0 2.5 2 1 4 1 1
-488.4 -3927.7 -2.9 275 0 35.9 14.7 7.5 0.0 0 0 3 5 5
-817.4 -3924.6 -3.3 269 0 12.9 28.3 7.5 2.5 2 1 3 4 4
-796.7 -3967.1 -3.3 89 0 13.9 22.3 10.0 2.5 2 1 4 5 5
-799.6 -3923.7 -3.3 269 0 10.4 16.7 5.0 2.5 2 1 2 0 0
-431.7 -3933.1 -2.9 274 0 18.0 15.3 7.5 2.5 2 0 3 2 2
-890.4 -4027.3 -3.2 269 0 10.1 11.1 5.0 2.5 4 1 2 5 5
346.1 -4936.1 -5.3 4 0 17.3 12.2 17.5 0.0 0 0 5 2 2
361.8 -5043.4 -2.3 113 0 6.7 9.2 10.5 3.5 4 1 3 5 5
450.4 -4967.9 -1.1 180 0 28.7 10.8 17.5 0.0 0 0 5 1 1
394.9 -5036.6 -1.7 276 0 20.2 12.9 17.5 0.0 0 0 5 4 4
-701.2 -4132.6 -5.0 88 0 5.9 9.8 7.5 2.5 2 1 3 5 5
1673.4 -6684.9 -3.6 94 0 13.5 19.7 10.5 3.5 2 1 3 2 2
910.6 -5981.3 -0.0 91 0 12.7 33.4 17.5 0.0 0 1 5 4 4
1863.0 -5558.4 -1.2 276 0 12.9 16.4 17.5 3.5 2 1 5 0 0
-1125.5 -5421.3 -4.2 138 0 12.0 20.1 5.0 2.5 2 1 2 5 5
-1060.6 -5337.8 -4.2 230 0 5.7 9.9 5.0 0.0 0 1 2 3 3
-1092.0 -5395.0 -3.2 258 0 27.5 17.4 12.5 2.5 2 0 5 3 3
-1025.5 -5320.8 -4.0 261 0 10.7 14.7 2.5 2.5 2 1 1 5 5
-1044.7 -5339.1 -3.7 204 0 6.2 10.4 7.5 0.0 0 1 3 5 5
-981.5 -5422.7 -3.6 49 0 24.1 11.0 7.5 0.0 0 0 3 0 0
-1051.4 -5354.9 -2.8 235 0 6.7 11.6 5.0 0.0 0 1 2 0 0
-968.6 -5344.8 -3.6 2 0 29.2 17.3 10.0 2.5 2 0 4 1 1
-1072.2 -5381.1 -3.1 203 0 11.6 27.3 10.0 0.0 0 1 4 4 4
-1071.0 -5361.3 -2.8 170 0 13.6 11.3 7.5 2.5 2 0 3 1 1
-1159.5 -5408.5 -6.4 126 0 15.9 14.7 2.5 2.5 2 0 1 5 5
-1053.6 -5427.3 -3.7 90 0 12.3 28.6 7.5 0.0 0 1 3 2 2
-1027.3 -5418.7 -3.6 90 0 8.9 22.7 7.5 2.5 2 1 3 0 0
-1063.3 -5466.9 -3.8 88 0 11.7 10.1 5.0 2.5 2 0 2 1 1
1823.8 -6168.9 -4.4 277 0 14.9 14.6 17.5 3.5 4 0 5 3 3
-253.1 -3115.5 -4.8 359 0 18.5 21.8 15.0 0.0 0 1 6 0 0
-268.5 -3139.0 -4.6 89 0 30.6 13.3 10.0 2.5 2 0 4 2 2
-109.1 -3089.4 -3.5 269 0 10.3 20.2 2.5 2.5 2 1 1 4 4
-881.5 -4052.9 -3.2 268 0 7.9 8.0 5.0 2.5 2 1 2 1 1
1855.6 -6451.8 -5.1 187 0 31.8 19.9 14.0 0.0 0 0 4 5 5
1847.3 -6462.8 -5.2 6 0 29.0 12.4 17.5 3.5 2 0 5 4 4
1777.9 -6471.7 -4.4 6 0 29.9 16.1 17.5 3.5 2 0 5 3 3
1269.0 -6200.8 0.8 28 0 20.9 17.8 17.5 3.5 2 0 5 1 1
1245.8 -6225.0 0.2 151 0 14.8 19.3 21.0 0.0 0 1 6 5 5
1855.8 -6568.3 -4.9 97 0 20.7 56.9 14.0 3.5 2 1 4 5 5
1896.8 -6573.1 -4.6 96 0 42.4 11.1 14.0 3.5 2 0 4 0 0
1943.5 -6607.0 -6.2 96 0 29.2 18.2 10.5 3.5 2 0 3 2 2
1910.1 -6554.5 -4.2 97 0 32.4 20.9 14.0 0.0 0 0 4 2 2
1900.2 -6512.6 -4.2 275 0 19.9 12.0 14.0 3.5 2 0 4 4 4
1988.8 -6489.5 -4.9 6 0 41.7 12.0 14.0 3.5 2 0 4 2 2
1780.9 -6436.2 -4.6 343 0 14.1 12.8 17.5 0.0 0 0 5 0 0
1749.6 -6424.4 -4.4 259 0 15.9 30.1 17.5 3.5 2 1 5 2 2
1810.6 -6490.4 -4.9 96 0 39.6 11.5 17.5 3.5 2 0 5 3 3
1839.2 -6533.9 -5.0 6 0 56.8 40.5 10.5 0.0 0 0 3 4 4
1776.3 -6533.0 -4.3 186 0 56.9 21.1 10.5 3.5 2 0 3 5 5
-4848.1 -2080.6 -2.1 140 0 30.5 17.5 12.5 2.5 2 0 5 0 0
795.4 -5821.9 -6.8 288 0 48.3 33.9 17.5 0.0 0 0 5 4 4
1082.7 -5665.2 1.0 95 0 18.9 15.9 17.5 3.5 2 0 5 3 3
1882.9 -6129.7 -5.0 6 0 55.5 19.9 17.5 3.5 2 0 5 0 0
1029.0 -5561.9 3.0 15 0 74.0 24.1 17.5 0.0 0 0 5 0 0
1004.6 -5363.8 -0.2 196 0 41.0 21.3 17.5 0.0 0 0 5 0 0
1896.1 -5336.9 -2.2 97 0 15.6 23.1 14.0 3.5 2 1 4 1 1
1928.9 -5301.8 -2.6 352 0 27.9 33.3 14.0 0.0 0 1 4 5 5
1879.2 -5389.6 -1.7 187 0 24.8 23.6 17.5 3.5 2 0 5 0 0
1954.5 -5481.9 -3.7 8 0 11.8 13.7 17.5 3.5 2 1 5 1 1
1929.7 -5546.2 -3.8 97 0 15.3 28.4 14.0 3.5 4 1 4 2 2
1927.8 -5507.2 -2.9 3 0 12.6 24.1 14.0 3.5 2 1 4 4 4
1918.0 -5478.6 -2.5 186 0 8.6 9.2 10.5 3.5 2 1 3 5 5
1932.2 -5394.6 -2.9 95 0 13.4 19.2 17.5 0.0 0 1 5 0 0
1948.1 -5584.6 -4.4 187 0 18.9 27.0 17.5 3.5 2 1 5 1 1
1956.1 -5623.0 -3.4 98 0 20.9 14.2 17.5 3.5 4 0 5 0 0
1946.5 -5602.3 -3.4 186 0 6.4 8.2 10.5 3.5 2 1 3 1 1
2005.1 -5807.2 -3.4 2 0 13.2 16.3 17.5 3.5 2 1 5 5 5
1920.9 -5837.7 -1.8 187 0 19.6 23.6 17.5 0.0 0 1 5 2 2
1955.1 -5914.6 -3.8 277 0 12.0 16.5 14.0 3.5 2 0 4 3 3
1957.2 -5900.1 -3.7 277 0 12.3 12.5 14.0 3.5 2 0 4 0 0
1994.3 -6063.8 -5.4 3 0 6.4 14.2 10.5 3.5 2 1 3 5 5
1998.7 -6083.8 -5.6 7 0 10.7 6.7 10.5 3.5 2 0 3 1 1
1971.9 -6078.6 -5.3 186 0 6.0 13.1 10.5 3.5 2 1 3 2 2
1990.0 -6531.4 -3.9 6 0 15.1 17.9 14.0 0.0 0 1 4 5 5
1733.2 -6549.5 -3.3 97 0 25.9 9.5 10.5 3.5 2 0 3 5 5
1745.5 -6496.5 -3.8 276 0 23.5 13.9 17.5 3.5 2 0 5 1 1
1785.4 -6080.1 -3.2 97 0 51.3 9.7 10.5 3.5 2 0 3 5 5
1808.0 -5639.2 0.6 187 0 7.6 21.4 10.5 3.5 2 1 3 5 5
1794.6 -5820.6 -0.8 275 0 13.1 37.0 17.5 3.5 2 1 5 1 1
1805.1 -5868.6 -1.1 96 0 8.6 38.9 10.5 3.5 2 1 3 2 2
1826.2 -5830.7 -0.7 275 0 6.9 7.7 10.5 0.0 0 0 3 0 0
1864.9 -5636.5 -0.7 5 0 18.3 30.8 17.5 3.5 2 0 5 3 3
1828.6 -5589.0 0.2 281 0 12.9 23.3 17.5 0.0 0 1 5 5 5
1818.6 -5510.1 0.3 141 0 15.0 28.5 17.5 3.5 2 0 5 2 2
1854.3 -5484.9 -0.2 275 0 21.4 11.4 17.5 0.0 0 0 5 1 1
1234.7 -4909.2 -2.5 352 0 7.1 11.2 10.5 3.5 2 1 3 2 2
1225.1 -4852.6 -4.8 263 0 7.7 16.2 10.5 3.5 2 1 3 1 1
1841.1 -5133.3 -1.3 97 0 11.9 18.6 17.5 3.5 2 1 5 4 4
1828.7 -5141.5 -0.8 277 0 10.0 12.3 10.5 3.5 2 1 3 2 2
1160.6 -4850.7 -5.8 248 0 6.5 8.2 10.5 3.5 2 0 3 3 3
1154.5 -4854.6 -5.8 247 0 7.6 6.9 10.5 3.5 2 0 3 1 1
1178.8 -4951.7 -0.9 63 0 10.9 11.1 17.5 3.5 2 1 5 1 1
1120.6 -4990.8 -0.3 23 0 8.5 8.6 10.5 3.5 2 1 3 2 2
1124.8 -4949.0 -2.6 24 0 13.0 16.8 17.5 3.5 2 1 5 1 1
1090.8 -4910.2 -4.7 211 0 19.0 7.6 10.5 3.5 2 0 3 1 1
1086.7 -4982.9 -4.0 114 0 19.3 24.4 17.5 0.0 0 1 5 2 2
1871.8 -5445.5 -0.6 187 0 12.3 5.4 10.5 3.5 2 0 3 2 2
1787.5 -5534.7 0.2 96 0 29.5 12.3 14.0 3.5 2 0 4 5 5
1762.4 -5532.4 0.0 96 0 19.3 7.2 10.5 0.0 0 0 3 3 3
1746.8 -5507.8 0.0 186 0 13.6 54.2 14.0 3.5 2 0 4 2 2
1748.3 -5493.6 0.0 186 0 14.9 18.6 14.0 3.5 2 0 4 0 0
1758.7 -5473.0 0.1 276 0 16.4 14.2 14.0 3.5 2 0 4 3 3
1802.3 -5499.2 0.3 6 0 15.5 21.6 14.0 3.5 2 0 4 2 2
1790.7 -5474.3 0.3 276 0 29.1 14.4 14.0 3.5 2 0 4 4 4
1794.5 -5583.9 1.0 6 0 39.4 13.7 17.5 3.5 2 0 5 2 2
1732.5 -5732.1 -0.9 109 0 18.8 19.4 14.0 3.5 2 1 4 2 2
1781.7 -5750.9 -1.2 6 0 9.5 25.0 10.5 3.5 2 1 3 5 5
1746.7 -5744.0 -1.1 271 0 19.2 13.1 14.0 0.0 0 0 4 4 4
1744.9 -5803.8 -1.0 90 0 20.8 45.7 14.0 3.5 2 1 4 3 3
1777.7 -5785.3 -0.9 360 0 31.4 19.0 14.0 3.5 2 0 4 5 5
1585.0 -5916.9 -0.5 191 0 31.6 23.3 17.5 0.0 0 0 5 5 5
1636.5 -6676.1 -2.8 96 0 7.8 10.6 10.5 3.5 2 1 3 1 1
1676.7 -6546.5 -2.6 96 0 14.2 19.8 14.0 3.5 4 1 4 0 0
1707.5 -6438.7 -3.7 7 0 20.1 10.4 14.0 3.5 2 0 4 4 4
1695.9 -6453.6 -3.4 7 0 6.2 9.2 10.5 3.5 4 1 3 3 3
1658.3 -6449.9 -3.0 186 0 8.4 20.5 10.5 3.5 2 1 3 1 1
1648.0 -6464.1 -2.5 187 0 19.7 10.6 14.0 3.5 2 0 4 4 4
1650.7 -6422.1 -3.4 186 0 15.8 44.4 14.0 3.5 2 1 4 4 4
1705.6 -6462.0 -3.6 4 0 22.3 8.5 10.5 0.0 0 0 3 1 1
1713.3 -6404.9 -3.8 7 0 11.5 8.9 10.5 3.5 2 0 3 5 5
1711.3 -6369.1 -3.7 6 0 19.1 29.1 17.5 3.5 4 0 5 3 3
1691.2 -6411.1 -3.5 96 0 13.3 34.2 17.5 3.5 4 0 5 2 2
1950.8 -6135.8 -5.3 7 0 10.2 36.7 17.5 3.5 2 0 5 5 5
-2173.6 -2213.5 -4.9 289 0 5.5 14.2 7.5 2.5 2 1 3 5 5
-2183.6 -2242.0 -4.9 107 0 6.7 13.7 7.5 2.5 2 1 3 2 2
-2182.2 -2210.6 -4.9 288 0 7.5 14.2 7.5 0.0 0 1 3 1 1
-2191.7 -2239.4 -4.9 108 0 7.6 14.2 2.5 2.5 2 1 1 2 2
-2196.2 -2253.3 -4.9 288 0 7.5 13.2 5.0 2.5 2 1 2 5 5
-2199.1 -2274.3 -4.9 18 0 11.2 7.6 2.5 2.5 2 0 1 4 4
-2208.3 -2233.9 -4.9 108 0 7.6 14.2 2.5 2.5 2 1 1 4 4
-2212.7 -2275.6 -4.9 108 0 7.5 11.1 5.0 2.5 2 1 2 5 5
-2216.6 -2231.2 -4.9 108 0 7.5 14.2 5.0 2.5 4 1 2 2 2
-2212.8 -2247.8 -4.9 288 0 7.6 13.4 5.0 2.5 2 1 2 0 0
-2215.4 -2199.5 -4.9 288 0 7.6 14.2 7.5 2.5 4 1 3 4 4
-2221.0 -2272.9 -4.9 108 0 7.5 11.0 5.0 2.5 2 1 2 1 1
-2224.9 -2228.5 -4.9 108 0 7.6 14.2 7.5 2.5 2 1 3 2 2
-2234.6 -2217.7 -4.9 198 0 14.2 7.5 5.0 2.5 2 0 2 1 1
-2240.0 -2262.6 -4.9 198 0 13.8 7.5 7.5 2.5 4 0 3 3 3
-2255.9 -2233.6 -4.9 288 0 7.4 13.7 5.0 2.5 2 1 2 2 2
-2267.8 -2214.3 -4.9 108 0 7.4 14.3 2.5 2.5 2 1 1 0 0
-2264.1 -2230.9 -4.9 288 0 7.4 13.8 5.0 2.5 2 1 2 0 0
-2266.5 -2182.5 -4.9 288 0 7.4 14.3 7.5 2.5 2 1 3 4 4
-2273.3 -2258.9 -4.9 108 0 7.4 13.7 7.5 2.5 2 1 3 5 5
-2274.4 -2179.9 -4.9 287 0 6.6 14.3 5.0 2.5 2 1 2 5 5
-2283.6 -2209.1 -4.9 108 0 7.4 14.3 7.5 2.5 2 1 3 1 1
-2280.5 -2225.5 -4.9 288 0 7.4 13.8 5.0 0.0 0 1 2 3 3
-2288.5 -2222.9 -4.9 287 0 6.6 13.7 2.5 2.5 2 1 1 1 1
-2298.1 -2191.9 -4.9 19 0 7.8 15.6 2.5 2.5 2 1 1 3 3
-2311.6 -2165.9 -4.9 288 0 7.4 13.5 5.0 2.5 2 1 2 4 4
-2309.0 -2225.0 -4.9 18 0 7.5 15.7 7.5 2.5 2 1 3 2 2
-2338.0 -2206.4 -4.9 198 0 7.5 15.7 2.5 2.5 2 1 1 2 2
-2340.7 -2214.7 -4.9 198 0 7.5 15.7 5.0 2.5 2 1 2 4 4
-2344.5 -2227.1 -4.9 198 0 14.1 7.6 5.0 2.5 2 0 2 3 3
-2340.7 -2155.7 -4.9 289 0 7.5 14.4 5.0 2.5 2 1 2 5 5
-2343.8 -2177.0 -4.9 18 0 7.5 15.7 7.5 0.0 0 1 3 4 4
-2349.2 -2193.6 -4.9 18 0 7.5 15.7 5.0 2.5 2 1 2 0 0
-2356.9 -2150.3 -4.9 288 0 7.4 14.8 7.5 2.5 2 1 3 2 2
-2365.3 -2147.7 -4.9 288 0 7.3 14.6 5.0 2.5 2 1 2 5 5
-2380.9 -2183.2 -4.9 198 0 7.5 15.7 2.5 2.5 2 1 1 0 0
-2383.6 -2191.5 -4.9 198 0 7.5 15.7 2.5 2.5 2 1 1 5 5
-2386.3 -2199.8 -4.9 198 0 7.5 15.7 5.0 2.5 2 1 2 2 2
-2390.6 -2165.3 -4.9 18 0 14.5 7.3 5.0 2.5 2 0 2 0 0
-2404.6 -2169.0 -4.9 108 0 7.3 14.5 7.5 2.5 2 1 3 1 1
-2401.8 -2185.3 -4.9 288 0 7.3 13.9 5.0 2.5 2 1 2 3 3
-2403.0 -2136.8 -4.9 288 0 7.3 14.5 7.5 2.5 2 1 3 3 3
-2412.7 -2166.4 -4.9 108 0 7.3 14.6 2.5 2.5 2 1 1 2 2
-2420.8 -2163.7 -4.9 108 0 7.3 14.6 5.0 2.5 2 1 2 2 2
-2419.2 -2131.4 -4.9 288 0 7.3 14.6 5.0 2.5 4 1 2 5 5
-2428.8 -2161.0 -4.9 108 0 7.3 14.6 2.5 2.5 2 1 1 0 0
-2425.3 -2177.6 -5.0 288 0 7.3 14.0 2.5 2.5 2 1 1 1 1
-2434.6 -2206.0 -5.0 108 0 7.3 14.0 7.5 2.5 2 1 3 2 2
-2438.1 -2150.3 -4.9 198 0 14.6 7.3 2.5 2.5 2 0 1 2 2
-2444.0 -2195.6 -5.0 198 0 14.0 7.3 5.0 2.5 2 0 2 1 1
-2435.7 -2133.6 -4.9 18 0 14.6 7.3 7.5 2.5 2 0 3 3 3
-2447.1 -2177.7 -5.0 198 0 14.0 7.3 5.0 2.5 2 0 2 4 4
-2452.1 -2192.9 -5.0 198 0 14.0 7.3 7.5 2.5 2 0 3 1 1
-2454.7 -2152.5 -5.0 108 0 7.3 14.6 5.0 2.5 2 1 2 0 0
-2450.1 -2176.7 -5.0 18 0 14.0 7.2 5.0 2.5 2 0 2 3 3
-2455.1 -2192.0 -5.0 18 0 14.0 7.2 2.5 0.0 0 0 1 4 4
-2459.4 -2166.3 -5.0 288 0 7.2 14.0 5.0 2.5 2 1 2 3 3
-2463.2 -2189.3 -5.0 18 0 14.0 7.2 5.0 2.5 2 0 2 4 4
-2470.8 -2147.1 -5.0 108 0 7.3 14.7 2.5 0.0 0 1 1 4 4
-2467.4 -2163.7 -5.0 288 0 7.3 14.0 7.5 2.5 2 1 3 5 5
-2468.7 -2114.9 -4.9 288 0 6.4 14.6 7.5 0.0 0 1 3 3 3
-2475.5 -2161.0 -5.0 288 0 7.2 14.1 7.5 2.5 2 1 3 5 5
-2491.1 -2107.3 -5.0 288 0 7.7 15.5 2.5 2.5 2 1 1 3 3
-2498.9 -2104.8 -5.0 288 0 7.7 15.7 7.5 2.5 2 1 3 3 3
-2495.7 -2136.6 -5.0 18 0 7.6 15.9 2.5 2.5 2 1 1 1 1
-2507.4 -2101.9 -5.0 289 0 7.8 15.6 7.5 2.5 2 1 3 2 2
-2508.1 -2173.6 -5.0 18 0 14.7 8.2 7.5 2.5 4 0 3 5 5
-2522.3 -2106.1 -5.0 198 0 15.7 7.7 7.5 2.5 2 0 3 2 2
-2523.6 -2176.9 -5.0 108 0 8.3 14.8 7.5 2.5 2 1 3 4 4
-2533.2 -2142.8 -5.0 198 0 7.5 15.9 7.5 2.5 4 1 3 2 2
-2536.0 -2105.6 -5.0 18 0 16.5 7.5 7.5 2.5 4 0 3 3 3
-2551.4 -2140.6 -5.0 288 0 7.6 11.9 2.5 2.5 2 1 1 5 5
-2553.9 -2160.8 -5.0 18 0 11.9 7.7 5.0 2.5 2 0 2 3 3
-2559.6 -2137.9 -5.0 288 0 7.4 11.9 7.5 2.5 2 1 3 2 2
-2571.4 -2119.3 -5.0 108 0 7.3 13.8 2.5 2.5 4 1 1 0 0
-2579.5 -2116.7 -5.0 108 0 7.3 13.8 7.5 2.5 2 1 3 1 1
-2575.7 -2132.6 -5.0 288 0 7.4 12.0 5.0 0.0 0 1 2 4 4
-2583.8 -2157.3 -5.0 108 0 7.3 12.0 7.5 2.5 2 1 3 0 0
-2588.9 -2106.3 -5.0 198 0 13.8 7.3 7.5 2.5 2 0 3 3 3
-2583.8 -2130.0 -5.0 288 0 7.4 12.0 7.5 2.5 2 1 3 3 3
-2597.3 -2131.9 -5.0 198 0 12.0 7.4 5.0 2.5 2 0 2 2 2
-2592.9 -2105.0 -5.0 18 0 13.8 7.3 5.0 2.5 2 0 2 4 4
-2601.6 -2145.2 -5.0 198 0 12.0 7.4 7.5 2.5 2 0 3 3 3
-2595.6 -2074.2 -5.0 288 0 7.3 19.6 2.5 2.5 2 1 1 4 4
-2601.2 -2130.6 -5.0 18 0 12.0 7.3 5.0 2.5 2 0 2 0 0
-2603.6 -2071.5 -5.0 288 0 7.3 19.6 5.0 2.5 2 1 2 1 1
-2605.6 -2143.9 -5.0 18 0 12.0 7.3 5.0 2.5 4 0 2 4 4
-2614.7 -2105.2 -5.0 108 0 7.3 13.8 5.0 2.5 2 1 2 1 1
-2610.9 -2121.1 -5.0 288 0 7.4 12.0 2.5 2.5 2 1 1 2 2
-2611.7 -2068.8 -5.0 288 0 7.3 19.7 5.0 2.5 2 1 2 4 4
-2619.8 -2066.1 -5.0 288 0 7.3 19.8 5.0 2.5 2 1 2 5 5
-2627.1 -2115.8 -5.0 288 0 7.3 12.0 7.5 2.5 2 1 3 4 4
-2636.3 -2132.4 -5.0 198 0 9.1 7.3 7.5 2.5 2 0 3 1 1
-2640.2 -2089.5 -5.0 198 0 13.8 7.3 7.5 2.5 2 0 3 4 4
-3682.6 -1785.0 -4.9 285 0 9.3 6.1 7.5 2.5 2 0 3 1 1
-2644.4 -2129.7 -5.0 198 0 9.1 7.3 5.0 2.5 2 0 2 1 1
-2642.9 -2088.0 -5.0 18 0 15.1 6.1 7.5 2.5 4 0 3 5 5
-2644.0 -2058.0 -5.0 288 0 6.1 18.7 7.5 0.0 0 1 3 2 2
-2655.1 -2092.0 -5.0 108 0 6.1 15.1 5.0 2.5 2 1 2 0 0
-2650.9 -2055.7 -5.0 288 0 6.1 18.7 2.5 2.5 2 1 1 0 0
-2662.1 -2089.7 -5.0 108 0 6.1 15.1 5.0 2.5 2 1 2 2 2
-2657.9 -2053.3 -5.0 288 0 6.1 18.8 7.5 2.5 2 1 3 1 1
-2661.1 -2104.7 -5.0 288 0 7.2 12.0 5.0 2.5 2 1 2 2 2
-2669.0 -2087.4 -5.0 108 0 6.1 15.1 2.5 2.5 4 1 1 3 3
-2663.9 -2124.9 -5.0 18 0 12.0 7.2 5.0 2.5 2 0 2 3 3
-2664.8 -2051.0 -5.0 288 0 6.1 18.8 7.5 0.0 0 1 3 1 1
-2669.2 -2102.1 -5.0 288 0 7.3 12.0 2.5 2.5 2 1 1 3 3
-2682.9 -2082.8 -5.0 108 0 6.1 15.1 5.0 2.5 2 1 2 0 0
-2677.4 -2046.8 -5.0 289 0 3.6 18.9 5.0 2.5 2 1 2 5 5
-2685.3 -2096.8 -5.0 288 0 7.3 12.0 5.0 2.5 2 1 2 1 1
-2771.2 -2016.1 -5.0 288 0 7.5 19.7 7.5 2.5 2 1 3 1 1
-2781.0 -2085.7 -5.1 18 0 12.0 6.1 2.5 0.0 0 0 1 1 1
-2785.0 -2064.2 -5.1 288 0 6.3 12.0 7.5 2.5 2 1 3 2 2
-2790.7 -2047.6 -5.1 108 0 7.6 14.3 5.0 2.5 4 1 2 2 2
-2799.1 -2044.9 -5.1 108 0 7.6 14.3 7.5 2.5 2 1 3 0 0
-2800.2 -2086.6 -5.1 108 0 6.3 12.0 5.0 2.5 2 1 2 1 1
-2796.1 -2007.7 -5.0 288 0 7.5 19.9 5.0 2.5 2 1 2 1 1
-2807.4 -2042.2 -5.1 108 0 7.6 14.3 7.5 2.5 2 1 3 1 1
-2806.4 -2057.2 -5.1 288 0 6.3 12.0 7.5 2.5 2 1 3 3 3
-2811.1 -2013.3 -5.1 198 0 20.0 7.5 7.5 2.5 2 0 3 0 0
-2815.6 -2075.3 -5.1 198 0 12.0 6.3 7.5 2.5 2 0 3 5 5
-2817.0 -2031.5 -5.1 198 0 14.3 7.6 5.0 2.5 2 0 2 1 1
-2813.9 -2012.3 -5.1 18 0 20.0 7.5 5.0 2.5 2 0 2 1 1
-2822.7 -2073.0 -5.1 198 0 12.0 6.3 7.5 2.5 2 0 3 5 5
-2819.9 -2030.6 -5.1 18 0 14.3 7.5 5.0 2.5 4 0 2 4 4
-2828.7 -2077.3 -5.1 108 0 6.3 12.0 7.5 2.5 2 1 3 2 2
-2828.3 -2056.4 -5.1 18 0 12.0 6.2 5.0 2.5 2 0 2 0 0
-2832.7 -2069.7 -5.1 18 0 12.0 6.2 5.0 2.5 2 0 2 3 3
-2830.8 -1996.1 -5.1 288 0 7.5 20.2 5.0 2.5 2 1 2 1 1
-2839.0 -1993.4 -5.1 288 0 7.5 20.2 5.0 2.5 2 1 2 2 2
-2843.6 -2045.1 -5.1 288 0 6.2 12.0 7.5 2.5 2 1 3 0 0
-2850.4 -2028.1 -5.1 108 0 7.5 14.3 5.0 2.5 2 1 2 3 3
-2848.2 -1990.5 -5.1 284 0 6.7 20.1 2.5 2.5 2 1 1 4 4
-2858.6 -2025.4 -5.1 108 0 7.5 14.3 2.5 2.5 2 1 1 5 5
-2857.7 -2040.5 -5.1 288 0 6.2 12.0 7.5 2.5 2 1 3 3 3
-2865.8 -2065.2 -5.1 108 0 6.2 12.0 7.5 2.5 2 1 3 5 5
-2864.8 -2038.2 -5.1 288 0 6.2 12.0 5.0 2.5 4 1 2 1 1
-2873.9 -2056.2 -5.1 198 0 12.0 6.2 7.5 2.5 2 0 3 3 3
-2876.3 -1983.5 -5.1 284 0 6.5 20.0 7.5 2.5 2 1 3 5 5
-2896.6 -2027.8 -5.1 288 0 6.2 12.0 5.0 2.5 2 1 2 3 3
-2902.2 -2011.2 -5.1 108 0 7.5 12.3 7.5 2.5 2 1 3 3 3
-2903.6 -2025.4 -5.1 288 0 6.2 12.0 7.5 2.5 2 1 3 5 5
-2910.5 -2008.5 -5.1 108 0 7.5 12.3 5.0 2.5 2 1 2 1 1
-2911.7 -2050.2 -5.1 108 0 6.2 12.0 7.5 2.5 2 1 3 0 0
-2908.8 -1975.4 -5.1 288 0 7.5 17.7 2.5 2.5 2 1 1 3 3
-2917.8 -2020.8 -5.1 288 0 6.2 12.0 2.5 2.5 2 1 1 1 1
-2923.4 -1980.2 -5.1 198 0 17.1 7.5 5.0 2.5 2 0 2 2 2
-2924.8 -2018.5 -5.1 288 0 6.2 12.0 5.0 0.0 0 1 2 1 1
-2933.5 -2035.1 -5.1 198 0 8.9 6.2 2.5 2.5 4 0 1 3 3
-2926.4 -1979.7 -5.1 18 0 16.4 7.7 7.5 2.5 2 0 3 2 2
-2936.7 -2021.0 -5.1 198 0 12.0 6.2 5.0 2.5 4 0 2 2 2
-2931.4 -1995.2 -5.1 18 0 12.3 7.7 7.5 0.0 0 0 3 5 5
-2936.1 -1968.5 -5.1 288 0 7.7 15.7 7.5 2.5 2 1 3 5 5
-2944.4 -2024.8 -5.1 108 0 6.2 12.0 5.0 2.5 4 1 2 3 3
-2948.7 -2038.1 -5.1 108 0 6.2 12.0 2.5 2.5 2 1 1 4 4
-2944.8 -1966.4 -5.0 288 0 7.7 15.1 5.0 2.5 2 1 2 3 3
-2953.5 -1964.2 -5.0 288 0 7.7 14.5 5.0 2.5 2 1 2 4 4
-2958.0 -2028.7 -5.1 18 0 12.0 6.1 5.0 2.5 2 0 2 0 0
-2962.4 -1991.5 -5.0 108 0 7.7 12.3 2.5 2.5 2 1 1 2 2
-2961.7 -2006.5 -5.1 288 0 6.2 12.0 2.5 2.5 2 1 1 3 3
-2968.8 -2004.2 -5.1 288 0 6.2 12.0 2.5 2.5 2 1 1 5 5
-2977.9 -2022.2 -5.1 198 0 12.0 6.2 7.5 2.5 2 0 3 5 5
-2981.0 -2007.3 -5.1 198 0 12.0 6.3 5.0 2.5 2 0 2 4 4
-2984.6 -1978.6 -5.0 18 0 9.1 7.7 5.0 2.5 2 0 2 0 0
-2997.0 -2365.7 -5.3 196 0 13.8 12.5 7.5 2.5 2 0 3 1 1
-2992.8 -2003.2 -5.0 17 0 10.6 6.0 5.0 2.5 2 0 2 4 4
-2998.4 -1979.7 -4.9 108 0 7.7 9.2 5.0 2.5 2 1 2 1 1
-3005.3 -2395.3 -4.2 196 0 14.2 12.5 5.0 2.5 2 0 2 1 1
-3007.6 -1950.6 -4.7 288 0 7.7 13.6 7.5 2.5 2 1 3 2 2
-3015.3 -1974.2 -4.8 108 0 7.7 9.2 5.0 2.5 2 1 2 2 2
-3014.7 -1989.1 -4.9 288 0 6.2 12.0 5.0 2.5 4 1 2 2 2
-3011.2 -2365.1 -4.5 16 0 11.7 14.7 10.0 2.5 2 1 4 4 4
-3030.9 -2004.9 -5.0 198 0 12.0 6.2 7.5 0.0 0 0 3 0 0
-3014.7 -2376.2 -4.0 11 0 9.2 18.6 2.5 2.5 4 1 1 4 4
-3020.4 -2398.0 -3.3 16 0 11.5 15.0 5.0 2.5 2 1 2 4 4
-3040.9 -2001.7 -4.8 18 0 11.9 6.3 7.5 2.5 4 0 3 3 3
-3044.2 -1941.5 -4.3 288 0 7.8 11.0 2.5 0.0 0 1 1 0 0
-3044.7 -1979.4 -4.6 287 0 6.2 12.1 5.0 2.5 4 1 2 5 5
-3047.9 -1999.3 -4.7 18 0 12.0 6.3 5.0 2.5 2 0 2 1 1
-3051.9 -1977.0 -4.6 288 0 6.2 12.0 2.5 2.5 2 1 1 1 1
-3067.3 -1941.3 -4.2 198 0 9.7 7.4 7.5 2.5 2 0 3 3 3
-3067.1 -1999.4 -4.6 108 0 6.3 12.0 7.5 2.5 2 1 3 1 1
-3070.3 -1950.9 -4.2 197 0 7.7 7.7 2.5 2.5 2 0 1 0 0
-3075.3 -1990.4 -4.5 198 0 12.0 6.3 5.0 2.5 2 0 2 1 1
-3078.4 -1975.5 -4.4 198 0 12.0 6.3 5.0 0.0 0 0 2 2 2
-3147.5 -1919.6 -3.5 16 0 10.7 7.9 7.5 2.5 2 0 3 3 3
-3165.9 -1931.5 -3.6 106 0 9.6 9.9 5.0 2.5 2 0 2 0 0
-3169.5 -1942.9 -3.8 286 0 9.2 9.9 5.0 2.5 2 0 2 2 2
-3169.6 -1960.6 -3.9 16 0 10.0 9.3 7.5 2.5 2 0 3 3 3
-3178.6 -1940.5 -3.7 285 0 9.6 9.9 7.5 2.5 2 0 3 5 5
-3178.8 -1905.8 -3.4 284 0 9.6 9.6 5.0 2.5 2 0 2 1 1
-3184.6 -1926.4 -3.5 105 0 9.6 9.8 5.0 2.5 2 0 2 3 3
-3187.9 -1938.0 -3.7 285 0 9.6 9.8 7.5 2.5 2 0 3 1 1
-3197.3 -1917.9 -3.5 195 0 9.8 9.7 5.0 2.5 2 0 2 2 2
-3203.1 -1938.4 -3.6 195 0 10.7 9.8 7.5 2.5 2 0 3 2 2
-3197.1 -1906.2 -3.3 14 0 9.5 9.7 7.5 0.0 0 0 3 3 3
-3206.1 -1949.6 -3.7 197 0 10.3 9.5 5.0 2.5 2 0 2 5 5
-3200.3 -1917.2 -3.4 15 0 9.6 9.7 5.0 2.5 2 0 2 3 3
-3206.2 -1938.0 -3.5 15 0 9.6 9.7 5.0 2.5 4 0 2 0 0
-3209.9 -1898.0 -3.2 284 0 9.6 9.3 5.0 0.0 0 0 2 2 2
-3209.3 -1949.1 -3.6 16 0 9.5 9.7 5.0 2.5 2 0 2 3 3
-3218.9 -1929.6 -3.4 285 0 9.6 9.5 5.0 2.5 2 0 2 1 1
-3228.8 -1893.3 -3.2 284 0 9.6 9.1 2.5 2.5 2 0 1 1 1
-3233.9 -1947.0 -3.4 106 0 9.7 9.4 2.5 2.5 2 0 1 3 3
-3237.6 -1924.5 -3.2 285 0 9.6 9.3 5.0 2.5 2 0 2 5 5
-3244.1 -1893.9 -3.2 195 0 9.2 9.7 5.0 2.5 2 0 2 4 4
-3256.0 -1935.8 -3.2 196 0 9.2 9.7 5.0 2.5 2 0 2 0 0
-3250.1 -1904.0 -3.2 15 0 9.1 10.0 7.5 2.5 2 0 3 3 3
-3265.3 -1904.6 -3.0 105 0 8.9 9.0 5.0 2.5 2 0 2 0 0
-3258.8 -1934.9 -3.1 16 0 9.0 10.0 5.0 2.5 2 0 2 2 2
-3268.5 -1932.2 -3.0 16 0 9.0 9.0 7.5 2.5 2 0 3 5 5
-3277.4 -1881.1 -3.2 284 0 8.9 8.6 5.0 2.5 2 0 2 5 5
-3277.3 -1913.8 -2.9 285 0 8.9 8.9 2.5 0.0 0 0 1 0 0
-3282.7 -1932.8 -2.8 106 0 9.0 8.9 7.5 2.5 2 0 3 5 5
-3285.9 -1911.4 -2.8 285 0 8.9 8.8 2.5 2.5 2 0 1 3 3
-3291.6 -1881.8 -3.2 195 0 8.7 9.0 2.5 2.5 2 0 1 0 0
-3294.4 -1924.8 -2.7 196 0 8.8 9.0 2.5 2.5 4 0 1 1 1
-3300.2 -1912.0 -2.8 196 0 8.8 9.0 2.5 2.5 2 0 1 2 2
-3303.1 -1922.3 -2.7 196 0 8.7 9.0 7.5 2.5 2 0 3 1 1
-3294.6 -1881.3 -3.3 14 0 8.5 9.8 7.5 2.5 2 0 3 4 4
-3297.5 -1891.4 -3.1 15 0 8.7 9.8 5.0 2.5 2 0 2 4 4
-3303.1 -1911.3 -2.9 15 0 8.6 9.8 5.0 2.5 2 0 2 3 3
-3307.6 -1873.6 -3.3 284 0 9.6 8.4 2.5 2.5 2 0 1 5 5
-3312.7 -1891.7 -3.2 105 0 9.6 8.5 5.0 2.5 2 0 2 3 3
-3315.4 -1918.8 -2.7 16 0 8.5 9.7 7.5 2.5 2 0 3 0 0
-3322.1 -1889.2 -3.2 105 0 9.7 8.3 5.0 2.5 2 0 2 3 3
-3326.4 -1868.8 -3.3 285 0 9.6 8.2 7.5 2.5 2 0 3 5 5
-3339.7 -1870.1 -3.4 196 0 8.9 6.5 5.0 2.5 2 0 2 5 5
-3345.0 -2223.9 -1.9 16 0 10.0 6.1 2.5 2.5 2 0 1 3 3
-3360.9 -2224.6 -1.9 106 0 6.0 10.0 7.5 2.5 2 0 3 3 3
-3356.8 -1892.5 -3.2 16 0 12.4 10.5 5.0 0.0 0 0 2 0 0
-3360.0 -1904.0 -3.1 16 0 11.4 10.5 2.5 2.5 2 0 1 2 2
-3370.3 -1857.8 -3.7 285 0 6.1 22.6 7.5 2.5 2 0 3 3 3
-3379.8 -2214.0 -1.8 196 0 10.0 6.1 2.5 2.5 2 0 1 2 2
-3376.3 -1856.3 -3.8 284 0 5.9 22.6 7.5 2.5 2 0 3 5 5
-3383.2 -1903.4 -3.4 106 0 6.3 22.6 2.5 2.5 2 0 1 5 5
-3389.2 -1901.6 -3.5 106 0 6.3 22.5 5.0 0.0 0 0 2 0 0
-3377.2 -1954.3 -2.7 16 0 34.4 10.7 10.0 2.5 2 0 4 4 4
-3396.3 -1928.2 -2.7 195 0 7.9 11.7 5.0 2.5 2 0 2 3 3
-3388.4 -1853.2 -4.0 284 0 5.9 22.3 7.5 2.5 2 0 3 4 4
-3395.1 -1888.2 -3.5 196 0 22.4 6.3 5.0 2.5 2 0 2 2 2
-3386.0 -1985.2 -2.9 16 0 34.3 10.6 5.0 2.5 2 0 2 3 3
-3394.5 -1851.6 -4.1 286 0 6.4 22.3 7.5 2.5 2 0 3 5 5
-3401.1 -1886.5 -3.6 196 0 22.3 6.2 7.5 2.5 2 0 3 2 2
-3401.6 -1947.4 -2.6 196 0 34.3 10.8 12.5 2.5 4 0 5 4 4
-3407.2 -1884.8 -3.8 196 0 22.2 6.2 7.5 2.5 2 0 3 2 2
-3409.4 -1870.6 -4.3 104 0 6.4 21.9 7.5 2.5 2 0 3 0 0
-3410.9 -1980.4 -3.0 196 0 34.3 10.8 7.5 0.0 0 0 3 1 1
-3416.3 -1999.6 -3.1 196 0 5.5 11.6 5.0 2.5 2 0 2 3 3
-3409.7 -1847.9 -4.3 284 0 6.0 21.9 2.5 2.5 2 0 1 4 4
-3407.8 -1924.5 -2.8 16 0 4.7 11.2 2.5 2.5 2 0 1 3 3
-3411.1 -1935.9 -2.5 16 0 6.4 11.2 5.0 2.5 2 0 2 5 5
-3412.8 -1942.1 -2.5 16 0 6.4 11.2 5.0 2.5 2 0 2 0 0
-3415.9 -1846.4 -4.2 284 0 6.0 21.7 2.5 2.5 2 0 1 1 1
-3416.2 -1882.3 -3.8 16 0 21.9 6.4 2.5 2.5 2 0 1 0 0
-3418.0 -1960.5 -2.7 16 0 6.4 11.2 2.5 2.5 2 0 1 2 2
-3422.1 -1844.8 -4.2 284 0 6.0 21.6 2.5 2.5 2 0 1 5 5
-3422.3 -1880.6 -3.7 16 0 21.8 6.4 5.0 0.0 0 0 2 4 4
-3419.7 -1966.6 -2.8 16 0 6.4 11.2 7.5 2.5 2 0 3 2 2
-3431.3 -1917.8 -2.7 196 0 7.5 11.2 5.0 2.5 2 0 2 1 1
-3421.4 -1972.7 -2.9 16 0 6.4 11.2 2.5 2.5 2 0 1 4 4
-3423.1 -1978.8 -3.0 16 0 6.4 11.2 7.5 2.5 2 0 3 4 4
-3424.9 -1985.0 -3.1 16 0 6.4 11.1 7.5 2.5 2 0 3 5 5
-3428.3 -1843.3 -4.1 284 0 6.1 21.5 7.5 2.5 2 0 3 3 3
-3436.3 -1935.5 -2.6 196 0 6.4 11.2 5.0 2.5 2 0 2 3 3
-3434.5 -1888.4 -3.7 106 0 6.5 21.7 2.5 2.5 4 0 1 0 0
-3426.6 -1991.1 -3.2 16 0 6.4 11.1 7.5 0.0 0 0 3 3 3
-3441.5 -1953.8 -2.9 196 0 6.4 11.2 5.0 2.5 2 0 2 2 2
-3440.6 -1886.6 -3.6 106 0 6.5 21.5 2.5 2.5 2 0 1 0 0
-3444.9 -1966.1 -3.0 196 0 6.4 11.2 7.5 2.5 2 0 3 0 0
-3446.6 -1972.2 -3.1 196 0 6.4 11.2 5.0 2.5 2 0 2 3 3
-3451.6 -1989.8 -3.4 196 0 4.7 11.3 2.5 2.5 2 0 1 3 3
-3451.8 -1842.5 -3.9 196 0 10.4 10.6 2.5 2.5 2 0 1 2 2
-3448.1 -1933.6 -3.0 16 0 34.4 10.3 10.0 2.5 2 0 4 0 0
-3457.4 -1966.6 -3.5 16 0 34.3 10.3 7.5 2.5 4 0 3 4 4
-3462.8 -1985.8 -3.6 15 0 7.9 11.6 2.5 2.5 4 0 1 5 5
-3468.6 -1914.5 -3.2 196 0 25.8 10.7 7.5 0.0 0 0 3 2 2
-3466.8 -2132.1 -1.9 16 0 6.4 11.2 5.0 2.5 2 0 2 2 2
-3472.0 -2150.5 -1.9 16 0 6.4 11.2 5.0 2.5 2 0 2 3 3
-3470.0 -1872.8 -2.9 16 0 10.3 12.1 10.0 2.5 2 0 4 2 2
-3473.7 -2156.6 -1.9 16 0 6.4 11.2 5.0 2.5 2 0 2 5 5
-3481.2 -1960.3 -3.6 195 0 34.8 10.4 7.5 2.5 2 0 3 2 2
-3485.3 -2107.8 -2.3 196 0 6.8 11.2 7.5 2.5 2 0 3 0 0
-3475.4 -2162.8 -1.9 16 0 6.4 11.2 7.5 2.5 2 0 3 4 4
-3481.1 -1986.1 -3.7 106 0 10.6 7.8 5.0 2.5 2 0 2 2 2
-3478.9 -2175.0 -1.9 16 0 6.4 11.2 7.5 2.5 2 0 3 1 1
-3490.3 -2125.5 -1.8 196 0 6.4 11.2 7.5 2.5 2 0 3 2 2
-3482.1 -2186.6 -2.0 16 0 7.7 11.2 7.5 2.5 2 0 3 2 2
-3497.2 -2150.0 -1.7 196 0 6.4 11.2 7.5 2.5 2 0 3 3 3
-3495.4 -1870.5 -2.7 106 0 7.2 20.4 7.5 2.5 2 0 3 0 0
-3500.6 -2162.3 -1.8 196 0 6.4 11.2 7.5 0.0 0 0 3 3 3
-3502.4 -2168.4 -1.9 196 0 6.4 11.2 5.0 2.5 2 0 2 2 2
-3504.1 -2174.5 -2.0 196 0 6.4 11.2 7.5 2.5 2 0 3 2 2
-3502.9 -1857.8 -2.8 196 0 20.2 7.1 7.5 2.5 4 0 3 5 5
-3509.7 -1855.9 -2.8 196 0 20.2 7.1 7.5 0.0 0 0 3 0 0
-3512.6 -1842.6 -2.9 104 0 7.2 19.9 5.0 2.5 2 0 2 4 4
-3519.5 -1853.2 -2.9 16 0 19.9 7.2 7.5 2.5 2 0 3 0 0
-3521.4 -1820.0 -2.7 283 0 6.9 19.6 5.0 0.0 0 0 2 2 2
-3548.0 -1818.1 -2.6 195 0 9.5 12.2 7.5 2.5 2 0 3 5 5
-3556.6 -1816.9 -2.7 15 0 9.9 9.8 5.0 0.0 0 0 2 0 0
-3559.2 -1826.5 -2.9 16 0 9.9 9.8 5.0 2.5 2 0 2 4 4
-3564.7 -1845.3 -3.2 17 0 9.0 9.9 5.0 2.5 2 0 2 5 5
-3598.7 -1881.5 -3.2 16 0 11.1 7.2 5.0 0.0 0 0 2 3 3
-3609.4 -1919.4 -2.9 16 0 11.1 7.2 5.0 2.5 2 0 2 1 1
-3617.1 -1884.6 -3.2 106 0 6.4 11.2 2.5 2.5 2 0 1 1 1
-3621.7 -1924.3 -2.9 106 0 6.4 11.2 5.0 2.5 2 0 2 0 0
-3615.3 -2062.6 -3.5 16 0 11.1 7.3 5.0 2.5 2 0 2 4 4
-3623.3 -1882.8 -3.2 106 0 6.4 11.2 5.0 2.5 2 0 2 0 0
-3621.0 -1899.1 -3.0 286 0 6.4 11.2 5.0 2.5 2 0 2 1 1
-3621.0 -2044.0 -3.5 286 0 6.5 11.2 5.0 2.5 2 0 2 5 5
-3627.8 -1922.5 -2.9 106 0 6.4 11.2 7.5 2.5 4 0 3 1 1
-3623.7 -2092.0 -3.5 15 0 7.1 7.3 5.0 2.5 4 0 2 5 5
-3627.3 -2042.2 -3.5 286 0 6.5 11.2 5.0 2.5 2 0 2 3 3
-3626.1 -2100.5 -3.4 16 0 11.2 7.3 2.5 2.5 2 0 1 3 3
-3631.8 -2081.9 -3.5 286 0 6.5 11.2 5.0 2.5 2 0 2 2 2
-3635.6 -1879.2 -3.3 106 0 6.4 11.2 2.5 2.5 2 0 1 2 2
-3633.3 -1895.5 -3.0 286 0 6.4 11.2 5.0 2.5 2 0 2 3 3
-3634.9 -1854.0 -3.4 286 0 6.4 11.2 5.0 2.5 2 0 2 5 5
-3640.1 -1919.0 -2.9 106 0 6.4 11.2 5.0 2.5 2 0 2 4 4
-3639.4 -1893.7 -3.0 286 0 6.4 11.2 5.0 2.5 2 0 2 1 1
-3645.9 -1802.3 -4.1 197 0 10.0 8.5 5.0 2.5 2 0 2 5 5
-3639.8 -2038.6 -3.5 286 0 6.5 11.2 5.0 2.5 2 0 2 4 4
-3636.8 -2138.4 -3.4 16 0 11.1 7.3 5.0 0.0 0 0 2 4 4
-3644.8 -2103.6 -3.5 106 0 6.5 11.2 5.0 2.5 2 0 2 3 3
-3648.7 -1811.9 -4.1 196 0 10.0 8.5 2.5 2.5 2 0 1 0 0
-3646.3 -1917.2 -2.9 106 0 6.4 11.2 2.5 2.5 2 0 1 0 0
-3646.5 -2062.1 -3.5 106 0 6.5 11.2 5.0 2.5 4 0 2 2 2
-3646.0 -2036.9 -3.5 286 0 6.5 11.2 5.0 2.5 2 0 2 2 2
-3649.2 -2143.3 -3.5 106 0 6.5 11.2 5.0 2.5 2 0 2 0 0
-3652.7 -2060.3 -3.5 106 0 6.5 11.2 7.5 2.5 2 0 3 1 1
-3655.5 -2141.5 -3.5 106 0 6.5 11.2 2.5 2.5 2 0 1 4 4
-3657.3 -2100.0 -3.5 106 0 6.5 11.2 5.0 2.5 2 0 2 5 5
-3660.1 -1904.7 -2.9 196 0 6.2 7.1 5.0 2.5 2 0 2 5 5
-3655.1 -2116.2 -3.5 286 0 6.5 11.2 5.0 2.5 4 0 2 0 0
-3663.1 -2073.0 -3.5 286 0 6.5 11.2 5.0 2.5 2 0 2 3 3
-3664.8 -2031.5 -3.5 286 0 6.5 11.2 5.0 2.5 2 0 2 4 4
-3668.0 -2137.9 -3.5 106 0 6.5 11.2 2.5 2.5 2 0 1 5 5
-3669.8 -2096.4 -3.5 106 0 6.5 11.2 7.5 2.5 2 0 3 0 0
-3667.6 -2112.7 -3.5 286 0 6.5 11.2 5.0 2.5 2 0 2 2 2
-3671.5 -2055.0 -3.5 106 0 6.5 11.2 2.5 2.5 2 0 1 5 5
-3671.0 -2029.7 -3.5 286 0 6.5 11.2 5.0 2.5 2 0 2 5 5
-3690.2 -2049.6 -3.7 106 0 6.5 11.2 2.5 2.5 2 0 1 2 2
-3688.1 -2065.8 -3.7 286 0 6.5 11.2 5.0 2.5 4 0 2 3 3
-3695.6 -2048.1 -4.1 106 0 7.3 11.2 2.5 2.5 2 0 1 3 3
-3699.7 -2062.5 -4.0 285 0 4.7 11.1 2.5 2.5 2 0 1 0 0
-3705.5 -2127.2 -4.0 106 0 6.5 11.2 5.0 0.0 0 0 2 1 1
-3706.3 -2086.0 -4.1 106 0 7.3 11.2 2.5 2.5 2 0 1 5 5
-3705.1 -2102.0 -4.1 286 0 6.5 11.2 5.0 2.5 2 0 2 2 2
-3711.8 -2125.4 -4.2 106 0 6.5 11.2 7.5 0.0 0 0 3 5 5
-3710.5 -2100.4 -4.2 285 0 4.7 11.1 5.0 2.5 2 0 2 5 5
-3719.7 -2114.7 -4.3 196 0 6.2 7.3 2.5 0.0 0 0 1 5 5
-2438.5 -2413.3 -5.0 196 0 6.5 13.0 7.5 2.5 2 1 3 0 0
-2440.6 -2420.7 -5.0 196 0 6.5 13.0 5.0 2.5 2 1 2 3 3
-2444.8 -2435.4 -5.1 196 0 6.5 13.0 7.5 0.0 0 1 3 0 0
-2451.1 -2457.5 -5.1 196 0 6.4 13.0 7.5 2.5 2 1 3 1 1
-2453.2 -2464.8 -5.1 196 0 6.5 13.0 5.0 2.5 2 1 2 4 4
-2430.4 -2487.2 -5.1 16 0 6.5 13.0 7.5 2.5 2 1 3 2 2
-2426.2 -2472.5 -5.1 16 0 6.5 13.0 2.5 2.5 2 1 1 2 2
-3694.1 -1782.4 -4.9 285 0 11.7 6.1 5.0 2.5 2 0 2 4 4
-2420.0 -2450.4 -5.0 16 0 6.5 13.0 5.0 2.5 2 1 2 4 4
-2415.8 -2435.7 -5.0 16 0 6.5 13.0 7.5 2.5 2 1 3 4 4
-2411.6 -2421.0 -5.0 16 0 6.4 13.0 7.5 2.5 2 1 3 1 1
-2398.3 -2432.6 -5.0 196 0 6.4 13.0 2.5 2.5 2 1 1 5 5
-2402.5 -2447.3 -5.0 196 0 6.4 13.0 5.0 2.5 2 1 2 0 0
-2408.7 -2469.4 -5.0 196 0 6.4 13.0 5.0 2.5 2 1 2 2 2
-2410.8 -2476.8 -5.1 196 0 6.5 13.0 2.5 2.5 4 1 1 4 4
-2412.9 -2484.1 -5.1 196 0 6.4 13.0 5.0 2.5 2 1 2 3 3
-2415.0 -2491.5 -5.1 196 0 6.5 13.0 7.5 2.5 2 1 3 1 1
-2365.3 -2418.9 -5.0 15 0 4.5 12.9 7.5 2.5 2 1 3 3 3
-2388.1 -2499.1 -5.1 16 0 6.4 13.0 2.5 2.5 2 1 1 2 2
-2381.8 -2477.1 -5.0 16 0 6.5 13.0 7.5 2.5 2 1 3 5 5
-2379.7 -2469.7 -5.0 16 0 6.4 13.0 7.5 2.5 2 1 3 5 5
-2375.5 -2455.0 -5.0 16 0 6.4 13.0 5.0 2.5 2 1 2 1 1
-2371.4 -2440.3 -5.0 16 0 6.5 13.0 7.5 2.5 2 1 3 2 2
-2352.8 -2422.8 -5.0 196 0 6.3 12.9 7.5 2.5 2 1 3 4 4
-2354.6 -2429.0 -5.0 196 0 6.5 13.0 2.5 2.5 2 1 1 5 5
-2356.7 -2436.4 -5.0 196 0 6.4 13.0 7.5 2.5 2 1 3 0 0
-2358.8 -2443.8 -5.0 196 0 6.5 13.0 7.5 2.5 2 1 3 4 4
-2367.2 -2473.2 -5.0 196 0 6.4 13.0 7.5 2.5 2 1 3 3 3
-2369.3 -2480.5 -5.0 196 0 6.5 13.0 7.5 2.5 2 1 3 1 1
-2371.4 -2487.9 -5.0 196 0 6.5 13.0 7.5 2.5 2 1 3 5 5
-2346.5 -2502.9 -5.0 16 0 6.4 13.0 2.5 2.5 2 1 1 2 2
-2344.4 -2495.5 -5.0 16 0 6.5 13.0 7.5 2.5 2 1 3 2 2
-2334.0 -2458.8 -5.0 16 0 6.4 13.0 7.5 2.5 2 1 3 0 0
-2329.8 -2444.0 -5.0 16 0 6.5 13.0 7.5 2.5 4 1 3 3 3
-2327.7 -2436.7 -5.0 16 0 6.5 13.0 5.0 2.5 2 1 2 1 1
-2313.4 -2434.0 -5.0 196 0 6.3 12.9 7.5 2.5 2 1 3 0 0
-2286.4 -2441.2 -5.0 15 0 4.5 12.9 5.0 2.5 2 1 2 3 3
-2315.2 -2440.2 -5.0 196 0 6.5 13.0 2.5 0.0 0 1 1 5 5
-2321.5 -2462.3 -5.0 196 0 6.5 13.0 7.5 2.5 2 1 3 1 1
-2323.5 -2469.6 -5.0 196 0 6.5 13.0 2.5 2.5 2 1 1 2 2
-2336.1 -2513.8 -5.0 196 0 6.5 13.0 2.5 2.5 2 1 1 2 2
-2338.0 -2520.9 -5.0 194 0 5.2 12.9 5.0 2.5 2 1 2 3 3
-2309.2 -2521.4 -5.0 16 0 6.4 13.0 2.5 2.5 2 1 1 4 4
-2305.0 -2506.7 -5.0 16 0 6.4 13.0 5.0 2.5 2 1 2 5 5
-2302.9 -2499.4 -5.0 16 0 6.4 13.0 7.5 2.5 2 1 3 2 2
-2300.8 -2492.0 -5.0 16 0 6.5 13.0 7.5 2.5 2 1 3 0 0
-2298.7 -2484.6 -5.0 16 0 6.5 13.0 2.5 2.5 2 1 1 1 1
-2296.6 -2477.3 -5.0 16 0 6.5 13.0 5.0 2.5 4 1 2 1 1
-2294.5 -2469.9 -5.0 16 0 6.5 13.0 7.5 2.5 2 1 3 0 0
-2290.4 -2455.2 -5.0 16 0 6.4 13.0 7.5 2.5 2 1 3 5 5
-2273.9 -2445.0 -5.0 196 0 6.3 12.9 2.5 0.0 0 1 1 2 2
-2279.9 -2466.0 -5.0 196 0 6.5 13.0 5.0 2.5 2 1 2 1 1
-2282.0 -2473.3 -5.0 196 0 6.4 13.0 5.0 2.5 2 1 2 0 0
-2286.1 -2488.0 -5.0 196 0 6.5 13.0 5.0 2.5 2 1 2 4 4
-2290.3 -2502.7 -5.0 196 0 6.5 13.0 5.0 2.5 2 1 2 2 2
-2292.4 -2510.1 -5.0 196 0 6.5 13.0 7.5 2.5 2 1 3 5 5
-2294.5 -2517.4 -5.0 196 0 6.4 13.0 7.5 2.5 2 1 3 5 5
-2296.6 -2524.8 -5.0 196 0 6.4 13.0 7.5 2.5 2 1 3 4 4
-2269.7 -2532.5 -5.0 16 0 6.5 13.0 5.0 2.5 2 1 2 3 3
-2271.6 -2539.3 -5.0 16 0 6.4 13.0 7.5 2.5 2 1 3 4 4
-2265.5 -2517.7 -5.0 16 0 6.5 13.0 7.5 2.5 2 1 3 3 3
-2263.4 -2510.4 -5.0 16 0 6.5 13.0 2.5 2.5 2 1 1 5 5
-2261.3 -2503.0 -5.0 16 0 6.5 13.0 2.5 2.5 2 1 1 4 4
-2253.0 -2473.6 -5.0 16 0 6.4 13.0 2.5 2.5 2 1 1 2 2
-2250.9 -2466.2 -5.0 16 0 6.4 13.0 5.0 2.5 2 1 2 4 4
-2246.9 -2452.3 -5.0 15 0 4.6 12.9 5.0 2.5 2 1 2 3 3
-2459.3 -2486.4 -5.1 196 0 5.4 13.0 5.0 2.5 2 1 2 3 3
-2234.5 -2456.2 -5.0 196 0 6.3 12.9 7.5 2.5 2 1 3 4 4
-2236.2 -2462.4 -5.0 196 0 6.5 13.0 2.5 2.5 2 1 1 0 0
-2238.3 -2469.8 -5.0 196 0 6.4 13.0 5.0 2.5 2 1 2 2 2
-2240.4 -2477.1 -5.0 196 0 6.5 13.0 7.5 2.5 2 1 3 2 2
-2246.7 -2499.2 -5.0 196 0 6.5 13.0 2.5 2.5 2 1 1 2 2
-2248.8 -2506.6 -5.0 196 0 6.5 13.0 2.5 2.5 2 1 1 2 2
-2255.1 -2528.6 -5.0 196 0 6.5 13.0 5.0 0.0 0 1 2 3 3
-2259.1 -2543.1 -5.0 194 0 5.1 12.9 7.5 2.5 2 1 3 1 1
-2228.1 -2536.3 -5.0 16 0 6.4 13.0 7.5 2.5 2 1 3 3 3
-2240.4 -2552.0 -5.0 106 0 11.0 6.4 7.5 2.5 2 0 3 5 5
-2226.1 -2528.9 -5.0 16 0 6.4 13.0 2.5 2.5 2 1 1 3 3
-2224.0 -2521.6 -5.0 16 0 6.4 13.0 5.0 2.5 2 1 2 1 1
-2221.9 -2514.2 -5.0 16 0 6.4 13.0 7.5 2.5 2 1 3 4 4
-2213.5 -2484.8 -5.0 16 0 6.4 13.0 7.5 2.5 2 1 3 5 5
-2209.3 -2470.1 -5.0 16 0 6.5 13.0 5.0 2.5 2 1 2 1 1
-2213.3 -2457.6 -5.0 286 0 12.9 6.3 7.5 2.5 2 0 3 5 5
-2449.4 -2404.0 -5.0 16 0 6.3 13.0 5.0 2.5 2 1 2 3 3
-2451.5 -2411.3 -5.0 16 0 6.3 13.0 5.0 2.5 2 1 2 2 2
-2482.5 -2418.0 -5.1 196 0 6.3 13.0 5.0 2.5 2 1 2 3 3
-2455.6 -2425.7 -5.1 16 0 6.3 13.0 7.5 2.5 2 1 3 0 0
-2484.5 -2425.2 -5.1 196 0 6.3 13.0 2.5 2.5 4 1 1 5 5
-2486.6 -2432.5 -5.1 196 0 6.3 13.0 7.5 2.5 2 1 3 4 4
-2461.7 -2447.3 -5.1 16 0 6.3 13.0 7.5 2.5 2 1 3 0 0
-2490.7 -2446.9 -5.1 196 0 6.3 13.0 5.0 2.5 2 1 2 5 5
-2465.8 -2461.8 -5.1 16 0 6.3 13.0 5.0 0.0 0 1 2 3 3
-2494.8 -2461.3 -5.1 196 0 6.3 13.0 5.0 2.5 2 1 2 4 4
-2496.8 -2468.5 -5.1 196 0 6.3 13.0 5.0 2.5 2 1 2 2 2
-2471.8 -2483.0 -5.1 16 0 6.4 13.0 5.0 2.5 4 1 2 0 0
-2394.1 -2257.0 -5.0 196 0 6.3 13.0 7.5 2.5 2 1 3 1 1
-2367.2 -2264.7 -5.0 16 0 6.2 13.0 5.0 2.5 2 1 2 5 5
-2398.2 -2271.4 -5.0 196 0 6.3 13.0 7.5 2.5 2 1 3 4 4
-2400.3 -2278.5 -5.0 196 0 6.3 13.0 2.5 2.5 2 1 1 2 2
-2404.4 -2292.9 -5.0 196 0 6.3 13.0 5.0 2.5 2 1 2 2 2
-2406.2 -2299.5 -5.0 196 0 5.2 13.0 5.0 2.5 2 1 2 2 2
-2371.3 -2279.0 -5.0 16 0 6.3 13.0 5.0 2.5 2 1 2 2 2
-2352.1 -2270.3 -5.0 196 0 6.1 13.0 7.5 0.0 0 1 3 3 3
-2354.1 -2277.3 -5.0 196 0 6.1 13.0 5.0 2.5 2 1 2 5 5
-2356.1 -2284.3 -5.0 196 0 6.1 13.0 7.5 2.5 2 1 3 3 3
-2360.1 -2298.2 -5.0 196 0 6.1 13.0 5.0 2.5 2 1 2 0 0
-2335.1 -2312.8 -5.0 16 0 6.1 13.0 5.0 2.5 2 1 2 1 1
-2313.4 -2284.0 -4.9 196 0 6.9 13.0 2.5 2.5 4 1 1 4 4
-2315.6 -2291.8 -4.9 196 0 6.9 13.0 7.5 2.5 2 1 3 4 4
-2322.3 -2315.2 -5.0 196 0 6.9 13.0 2.5 2.5 2 1 1 1 1
-2297.4 -2330.1 -5.0 16 0 6.9 13.0 5.0 2.5 2 1 2 4 4
-2295.3 -2322.8 -5.0 16 0 6.9 13.0 5.0 2.5 2 1 2 2 2
-2293.1 -2315.0 -4.9 16 0 6.9 13.0 7.5 2.5 2 1 3 4 4
-2290.9 -2307.2 -4.9 16 0 6.9 13.0 5.0 2.5 2 1 2 3 3
-2288.7 -2299.5 -4.9 16 0 6.9 13.0 5.0 2.5 2 1 2 3 3
-2284.6 -2284.9 -4.9 15 0 4.5 13.0 5.0 2.5 2 1 2 0 0
-2272.8 -2292.0 -4.9 196 0 13.1 6.4 5.0 2.5 2 0 2 2 2
-2260.7 -2288.2 -4.9 286 0 6.3 12.9 5.0 2.5 2 1 2 4 4
-2231.7 -2300.8 -4.9 286 0 6.9 11.0 5.0 2.5 2 1 2 5 5
-2206.9 -2315.3 -4.9 16 0 7.5 6.9 5.0 2.5 2 0 2 3 3
-2209.6 -2324.7 -4.9 16 0 9.6 6.4 2.5 2.5 2 0 1 1 1
-2238.0 -2322.9 -4.9 106 0 6.9 10.0 5.0 0.0 0 1 2 3 3
-2260.9 -2316.4 -4.9 106 0 6.3 12.3 7.5 2.5 2 1 3 4 4
-2268.1 -2314.4 -4.9 106 0 6.3 12.3 7.5 2.5 2 1 3 1 1
-2274.5 -2312.5 -4.9 106 0 6.0 12.2 5.0 2.5 2 1 2 3 3
-2256.4 -2335.6 -4.9 16 0 4.6 13.0 5.0 2.5 2 1 2 4 4
-2245.5 -2346.2 -4.9 190 0 4.7 12.6 7.5 2.5 2 1 3 0 0
-2218.6 -2352.9 -4.9 16 0 6.4 13.0 2.5 2.5 2 1 1 0 0
-2216.9 -2346.9 -4.9 16 0 4.6 13.0 7.5 2.5 2 1 3 3 3
-2194.4 -2315.3 -4.9 196 0 7.2 13.1 7.5 2.5 2 1 3 1 1
-2172.8 -2317.2 -4.9 286 0 12.7 6.7 7.5 2.5 2 0 3 1 1
-2177.4 -2357.6 -4.9 16 0 6.1 13.0 5.0 2.5 2 1 2 0 0
-2196.3 -2321.9 -4.9 196 0 6.1 13.0 5.0 2.5 2 1 2 4 4
-2206.1 -2356.5 -4.9 196 0 5.0 13.0 7.5 0.0 0 1 3 2 2
-3614.4 -2131.8 -3.2 196 0 11.3 11.9 2.5 0.0 0 1 1 1 1
-3618.5 -2146.2 -3.2 196 0 11.3 11.9 10.0 0.0 0 1 4 1 1
-3592.4 -2148.3 -3.1 16 0 11.3 11.9 7.5 0.0 0 1 3 5 5
-3527.7 -2077.6 -3.0 16 0 11.3 11.9 2.5 0.0 0 1 1 3 3
-3541.6 -2067.2 -3.0 286 0 7.2 12.4 2.5 0.0 0 1 1 4 4
-3569.5 -2069.6 -3.0 16 0 7.4 11.9 5.0 0.0 0 1 2 3 3
-3576.8 -2095.0 -3.0 16 0 11.3 11.9 5.0 0.0 0 1 2 2 2
-3089.1 -2017.4 -5.0 285 0 28.7 14.8 10.0 0.0 0 0 4 1 1
-3100.9 -2058.4 -5.1 105 0 15.6 17.6 10.0 0.0 0 1 4 3 3
-3047.7 -2074.5 -5.2 110 0 12.5 17.3 7.5 0.0 0 1 3 4 4
-3015.9 -2086.6 -5.2 116 0 28.6 14.7 10.0 0.0 0 0 4 2 2
-2981.6 -2105.2 -5.2 119 0 28.5 14.7 7.5 0.0 0 0 3 2 2
-3163.8 -2056.8 -5.2 106 0 10.3 52.9 7.5 2.5 2 1 3 2 2
-3185.0 -2119.4 -5.3 106 0 10.1 52.9 7.5 2.5 2 1 3 5 5
-3191.4 -2141.8 -5.1 286 0 10.1 52.9 7.5 2.5 2 1 3 0 0
-3332.1 -2227.4 -2.2 196 0 10.5 6.0 7.5 2.5 2 0 3 5 5
-3326.3 -2229.1 -2.3 196 0 10.5 6.0 5.0 0.0 0 0 2 5 5
-3319.1 -2236.6 -2.4 106 0 6.0 10.5 2.5 2.5 2 0 1 5 5
-3296.4 -2226.9 -2.7 16 0 6.0 11.0 5.0 2.5 2 0 2 5 5
-3294.8 -2221.2 -2.7 16 0 6.0 11.0 7.5 2.5 2 0 3 2 2
-3293.1 -2215.4 -2.7 16 0 6.0 11.0 7.5 2.5 2 0 3 4 4
-3291.5 -2209.6 -2.7 16 0 6.0 11.0 5.0 2.5 2 0 2 4 4
-3286.5 -2192.3 -2.8 16 0 6.0 11.0 5.0 2.5 2 0 2 4 4
-3284.9 -2186.5 -2.8 16 0 6.0 11.0 5.0 2.5 2 0 2 3 3
-3283.2 -2180.7 -2.8 16 0 6.2 11.0 5.0 2.5 2 0 2 1 1
-3322.3 -2200.8 -2.4 196 0 6.0 11.0 7.5 2.5 2 0 3 3 3
-3314.1 -2171.9 -2.5 196 0 6.2 11.0 7.5 2.5 4 0 3 3 3
-3241.8 -2235.3 -3.4 16 0 6.0 11.0 7.5 2.5 2 0 3 3 3
-3240.2 -2229.5 -3.4 16 0 6.0 11.0 2.5 2.5 2 0 1 2 2
-3236.9 -2217.9 -3.4 16 0 6.0 11.0 5.0 2.5 2 0 2 3 3
-3235.3 -2212.2 -3.4 16 0 6.0 11.0 7.5 2.5 2 0 3 1 1
-3233.7 -2206.3 -3.4 16 0 6.1 11.0 2.5 2.5 2 0 1 1 1
-3269.4 -2196.1 -3.1 196 0 6.2 11.0 2.5 2.5 2 0 1 3 3
-3209.4 -2205.3 -4.0 286 0 10.1 52.9 7.5 2.5 2 1 3 2 2
-2464.0 -2927.1 -2.2 31 0 34.7 15.8 10.0 2.5 2 0 4 0 0
-2497.6 -2885.7 -1.9 276 0 29.0 18.2 7.5 2.5 2 0 3 4 4
-2555.4 -2948.9 -4.0 88 0 6.6 14.7 8.0 2.5 2 1 2 2 2
-2545.9 -2931.6 -3.3 116 0 4.6 13.9 8.0 2.5 4 1 2 3 3
-2540.9 -2905.4 -3.0 292 0 7.2 9.2 4.0 2.5 2 1 1 5 5
-1813.4 -2691.7 -4.9 196 0 8.4 13.4 12.0 2.5 4 1 3 1 1
-1833.7 -2688.3 -4.9 286 0 11.3 17.8 8.0 2.5 2 1 2 5 5
-2621.6 -2272.4 -5.1 196 0 14.4 30.3 10.0 2.5 2 1 4 0 0
-2575.6 -2324.1 -5.1 121 0 16.9 43.8 7.5 2.5 2 1 3 3 3
-3617.4 -1796.0 -3.7 285 0 5.9 17.7 7.5 2.5 4 0 3 4 4
-3611.6 -1797.5 -3.6 285 0 5.9 17.8 5.0 2.5 2 0 2 5 5
-3605.8 -1799.0 -3.5 284 0 5.9 17.9 7.5 2.5 2 0 3 3 3
-3600.0 -1800.5 -3.4 284 0 5.9 18.0 2.5 2.5 2 0 1 3 3
-3594.2 -1802.0 -3.3 284 0 5.9 18.2 2.5 2.5 2 0 1 3 3
-3582.6 -1804.9 -3.1 284 0 5.9 18.4 7.5 2.5 2 0 3 1 1
-3633.4 -1830.3 -3.8 106 0 6.0 17.8 5.0 0.0 0 0 2 5 5
-3621.9 -1833.7 -3.6 106 0 6.0 17.9 7.5 2.5 2 0 3 0 0
-3616.1 -1835.4 -3.5 106 0 6.0 18.0 5.0 2.5 2 0 2 4 4
-3604.5 -1838.7 -3.3 105 0 5.9 18.3 7.5 0.0 0 0 3 1 1
-3587.3 -1843.4 -3.2 106 0 6.0 18.5 5.0 2.5 2 0 2 1 1
-2842.0 -2258.1 -5.2 104 0 23.2 23.1 7.5 2.5 2 0 3 4 4
-2812.0 -2213.2 -5.1 285 0 15.0 16.0 5.0 2.5 2 1 2 4 4
-2797.9 -2216.1 -5.1 285 0 7.0 50.2 7.5 2.5 4 0 3 4 4
-3706.7 -1804.6 -4.5 181 0 7.2 9.9 7.5 2.5 4 1 3 0 0
-3719.1 -1779.7 -5.2 9 0 8.2 12.3 2.5 2.5 2 1 1 4 4
-3779.5 -1927.9 -5.2 196 0 9.6 7.8 5.0 2.5 2 0 2 4 4
-3755.1 -1957.5 -4.5 194 0 8.8 10.2 5.0 2.5 2 1 2 5 5
-3757.3 -1988.0 -5.5 105 0 9.1 15.0 5.0 2.5 2 1 2 3 3
-3601.8 -1989.9 -3.1 15 0 17.8 13.4 5.0 2.5 2 0 2 0 0
-3607.9 -2009.1 -3.3 15 0 18.0 10.9 5.0 2.5 2 0 2 2 2
-3495.8 -2010.4 -4.2 194 0 18.7 47.1 7.5 2.5 2 1 3 4 4
-3060.6 -2197.5 -5.2 106 0 17.6 48.5 7.5 0.0 0 1 3 1 1
-3336.6 -2187.2 -2.3 16 0 60.1 11.0 10.0 2.5 2 0 4 1 1
-3364.9 -2179.2 -2.2 196 0 60.2 9.7 7.5 2.5 2 0 3 4 4
-3414.2 -2156.8 -2.4 196 0 60.2 9.7 7.5 2.5 2 0 3 5 5
-3384.5 -2165.3 -2.3 16 0 60.2 9.7 7.5 2.5 4 0 3 3 3
-3260.7 -2255.4 -3.5 106 0 16.3 10.7 10.0 2.5 2 0 4 5 5
-3276.8 -2250.7 -3.2 103 0 7.2 8.8 2.5 2.5 2 1 1 0 0
-3221.6 -2142.8 -4.5 16 0 5.2 15.5 7.5 2.5 2 0 3 2 2
-3160.3 -1999.1 -4.4 107 0 9.6 7.4 7.5 2.5 2 0 3 0 0
-2983.1 -2485.7 -4.5 4 0 8.0 18.4 7.5 2.5 2 1 3 5 5
-2998.7 -2490.4 -4.4 288 0 14.0 21.9 10.0 2.5 2 1 4 4 4
-3014.4 -2528.1 -4.5 195 0 8.6 18.4 5.0 2.5 2 1 2 5 5
-2986.1 -2541.2 -4.7 108 0 18.6 8.9 2.5 0.0 0 0 1 3 3
-2964.0 -2547.3 -4.9 105 0 18.8 7.6 7.5 2.5 2 0 3 4 4
-2946.4 -2489.1 -5.3 285 0 18.2 8.8 7.5 2.5 2 0 3 4 4
-2953.4 -2498.5 -5.3 283 0 8.5 18.4 2.5 2.5 2 1 1 1 1
-2943.2 -2500.2 -5.3 284 0 4.6 12.1 7.5 2.5 2 1 3 1 1
-2980.5 -2557.4 -4.7 113 0 38.4 4.3 2.5 2.5 2 0 1 3 3
-2912.6 -2553.5 -4.7 14 0 7.0 25.5 7.5 2.5 2 1 3 2 2
-2927.3 -2564.2 -4.5 101 0 19.6 6.7 7.5 2.5 2 0 3 5 5
-2744.6 -2552.8 -4.2 105 0 27.9 10.0 7.5 0.0 0 0 3 1 1
-2726.5 -2558.4 -4.4 105 0 7.1 10.3 8.0 2.5 2 1 2 1 1
-2805.5 -2535.1 -4.4 105 0 26.3 8.6 8.0 2.5 2 0 2 3 3
-2588.3 -2854.7 -2.2 280 0 10.2 25.7 10.0 2.5 2 1 4 5 5
-2601.2 -2853.6 -2.2 289 0 10.4 25.8 15.0 0.0 0 1 6 1 1
-2775.7 -2879.5 -2.3 288 0 32.7 15.9 7.5 2.5 2 0 3 2 2
-2807.7 -2870.9 -2.3 287 0 10.3 22.8 8.0 2.5 2 1 2 1 1
-2878.8 -2946.0 -5.0 194 0 31.7 16.1 12.5 2.5 2 0 5 2 2
-2698.0 -2796.3 -2.1 105 0 6.5 14.6 8.0 2.5 2 1 2 0 0
-3228.8 -2761.9 -3.3 17 0 7.9 10.9 5.0 2.5 2 1 2 0 0
-3587.2 -2317.6 -3.8 14 0 7.1 19.7 4.0 2.5 2 1 1 1 1
-3952.2 -2570.6 -5.9 196 0 9.4 8.9 2.5 2.5 2 0 1 4 4
-2942.1 -2186.5 -5.2 195 0 16.3 25.7 10.0 2.5 2 1 4 3 3
-2909.8 -2197.3 -5.2 286 0 16.0 6.3 5.0 2.5 2 0 2 3 3
-2737.8 -2236.3 -5.1 15 0 18.5 4.6 5.0 0.0 0 0 2 1 1
-3123.9 -2317.4 -4.7 140 0 12.8 19.6 12.5 2.5 2 1 5 5 5
-3721.2 -2013.3 -5.8 286 0 14.2 26.9 10.0 0.0 0 1 4 4 4
-1834.1 -2687.8 -5.0 104 0 20.1 18.6 10.0 2.5 4 0 4 3 3
-3722.1 -2059.8 -6.3 15 0 14.3 21.9 12.5 0.0 0 1 5 1 1
-3730.0 -2093.6 -5.5 16 0 43.6 12.2 10.0 2.5 2 0 4 1 1
-3762.3 -2097.6 -6.8 106 0 7.7 27.2 7.5 0.0 0 1 3 3 3
-3777.8 -2043.6 -8.3 198 0 16.5 26.4 10.0 0.0 0 1 4 4 4
-3793.3 -2090.8 -6.4 195 0 10.1 27.2 5.0 0.0 0 1 2 5 5
-3712.0 -1998.6 -4.1 93 0 17.3 25.8 10.0 0.0 0 1 4 0 0
-3080.5 -2134.7 -5.2 196 0 10.9 38.6 7.5 2.5 4 1 3 4 4
-2761.1 -2093.0 -5.1 196 0 9.1 9.1 7.5 2.5 2 0 3 2 2
-1876.3 -2468.1 -4.9 196 0 77.4 43.5 7.5 0.0 0 0 3 1 1
-1808.9 -2447.0 -4.8 285 0 31.0 27.0 10.0 0.0 0 0 4 1 1
-1984.2 -2438.0 -4.9 196 0 6.6 23.2 7.5 2.5 2 1 3 3 3
-1993.1 -2407.3 -4.9 194 0 4.7 27.2 12.0 2.5 4 1 3 5 5
-1990.9 -2476.2 -4.9 106 0 13.8 20.1 10.0 2.5 2 1 4 0 0
-1959.9 -2613.3 -5.0 286 0 11.1 49.4 10.0 2.5 2 1 4 0 0
-1987.3 -2605.5 -5.0 286 0 11.1 49.4 10.0 2.5 2 1 4 5 5
-2015.6 -2674.6 -5.0 106 0 23.0 9.2 5.0 2.5 2 0 2 0 0
-2004.5 -2666.4 -5.0 103 0 10.0 9.8 5.0 2.5 2 0 2 5 5
-1978.3 -2677.3 -5.0 105 0 8.7 13.8 7.5 2.5 2 1 3 5 5
-1940.6 -2623.7 -5.0 16 0 5.8 12.4 2.5 0.0 0 1 1 3 3
-1803.0 -2690.3 -4.9 105 0 7.6 11.6 8.0 2.5 2 1 2 4 4
-1846.8 -2678.4 -5.0 101 0 4.2 12.5 8.0 2.5 2 1 2 3 3
-1832.7 -2722.1 -5.0 14 0 4.4 13.3 4.0 2.5 2 1 1 3 3
-1648.4 -2509.2 -4.8 289 0 24.1 8.3 5.0 2.5 2 0 2 0 0
-1618.7 -2504.2 -4.8 287 0 24.8 7.9 8.0 2.5 2 0 2 3 3
-1586.2 -2527.9 -4.8 50 0 10.6 7.1 5.0 2.5 2 0 2 2 2
-1587.7 -2512.3 -4.8 321 0 4.7 13.9 7.5 2.5 2 1 3 5 5
-1768.2 -2514.8 -4.9 305 0 17.0 22.7 7.5 2.5 2 1 3 4 4
-1763.5 -2547.3 -4.9 14 0 9.5 41.5 7.5 2.5 2 1 3 0 0
-1775.0 -2556.7 -4.9 16 0 7.4 36.8 5.0 2.5 2 1 2 5 5
-1780.3 -2565.6 -4.9 17 0 7.1 31.2 8.0 2.5 2 1 2 4 4
-1782.9 -2573.7 -4.9 16 0 6.8 30.0 8.0 2.5 2 1 2 5 5
-1785.4 -2582.3 -4.9 16 0 8.2 30.2 8.0 2.5 4 1 2 4 4
-1785.6 -2611.8 -4.9 15 0 7.0 31.1 4.0 2.5 2 1 1 5 5
-1789.3 -2620.2 -4.9 15 0 7.3 29.1 8.0 2.5 2 1 2 0 0
-1791.7 -2628.8 -4.9 15 0 7.1 28.6 4.0 0.0 0 1 1 3 3
-1854.9 -2644.7 -4.9 96 0 18.5 6.1 8.0 2.5 2 0 2 3 3
-1895.6 -2614.7 -4.9 194 0 6.2 43.7 7.5 2.5 2 1 3 5 5
-1881.2 -2588.4 -4.9 195 0 10.1 18.6 8.0 2.5 2 1 2 0 0
-1839.8 -2548.6 -4.9 195 0 35.4 7.6 7.5 2.5 2 0 3 2 2
-1850.4 -2544.8 -4.9 197 0 36.0 7.0 7.5 2.5 2 0 3 3 3
-1860.4 -2542.3 -4.9 195 0 35.8 6.7 8.0 2.5 2 0 2 5 5
-1881.0 -2536.1 -4.9 195 0 36.6 7.0 7.5 2.5 2 0 3 0 0
-1853.8 -2654.8 -4.9 104 0 14.6 6.9 8.0 2.5 2 0 2 2 2
-1977.5 -2499.2 -4.9 104 0 16.4 13.3 8.0 2.5 4 0 2 3 3
-1956.5 -2451.5 -4.9 197 0 7.4 7.1 4.0 2.5 2 0 1 5 5
-2083.1 -2355.8 -4.9 291 0 10.0 27.6 10.0 2.5 4 1 4 4 4
-2156.3 -2404.4 -4.9 196 0 36.4 7.2 7.5 2.5 2 0 3 5 5
-2149.6 -2382.0 -4.9 198 0 10.3 10.5 8.0 0.0 0 1 2 5 5
-2131.6 -2340.8 -4.9 292 0 8.2 13.4 4.0 2.5 2 1 1 3 3
-2139.5 -2359.9 -4.9 195 0 11.0 31.8 10.0 2.5 2 1 4 3 3
-2098.4 -2351.7 -4.9 289 0 21.5 9.0 8.0 2.5 2 0 2 0 0
-1865.6 -2745.3 -5.0 345 0 9.0 15.0 4.0 2.5 2 1 1 0 0
-1893.1 -2737.1 -5.0 276 0 13.5 16.3 4.0 2.5 2 1 1 1 1
-1896.6 -2733.4 -5.0 285 0 6.0 16.5 8.0 2.5 2 1 2 2 2
-1923.1 -2731.6 -5.0 286 0 18.7 12.4 8.0 2.5 2 0 2 4 4
-1938.9 -2720.2 -5.0 286 0 13.4 19.1 10.0 2.5 2 1 4 0 0
-2232.0 -2678.1 -5.1 106 0 17.3 19.3 2.5 2.5 2 1 1 5 5
-2213.1 -2683.4 -5.1 106 0 22.0 16.3 7.5 2.5 2 0 3 1 1
-2234.3 -2647.5 -5.1 197 0 16.4 17.1 2.5 2.5 2 1 1 2 2
-2204.5 -2645.1 -5.0 286 0 16.9 18.7 5.0 2.5 2 1 2 3 3
-2185.5 -2652.7 -5.0 286 0 14.9 16.6 4.0 2.5 2 1 1 5 5
-2188.6 -2690.4 -5.1 106 0 23.0 18.2 7.5 0.0 0 0 3 2 2
-2170.2 -2654.5 -5.0 286 0 10.8 19.0 8.0 2.5 2 1 2 1 1
-2160.1 -2657.7 -5.0 286 0 8.0 18.7 8.0 0.0 0 1 2 1 1
-2148.8 -2660.3 -5.0 286 0 11.8 19.3 8.0 2.5 2 0 2 3 3
-2163.4 -2697.4 -5.1 107 0 18.8 17.2 10.0 2.5 2 0 4 1 1
-2133.3 -2706.1 -5.0 106 0 13.7 15.2 12.0 2.5 2 1 3 2 2
-2119.0 -2710.2 -5.0 106 0 9.4 17.9 4.0 0.0 0 1 1 0 0
-2111.6 -2680.3 -5.0 286 0 13.7 10.2 8.0 2.5 2 0 2 2 2
-2106.5 -2713.7 -5.0 106 0 12.4 17.8 8.0 2.5 4 1 2 5 5
-2070.3 -2698.5 -5.0 16 0 6.9 12.5 4.0 2.5 2 1 1 5 5
-2063.0 -2696.7 -5.0 16 0 13.7 6.2 4.0 2.5 2 0 1 0 0
-2054.6 -2716.3 -5.0 196 0 11.3 17.7 12.5 2.5 2 1 5 3 3
-2034.1 -2734.2 -5.0 106 0 8.2 18.3 8.0 2.5 2 1 2 5 5
-2016.5 -2698.4 -5.0 286 0 16.4 18.9 7.5 2.5 2 1 3 3 3
-1989.9 -2746.8 -5.0 106 0 21.2 17.5 7.5 2.5 2 0 3 1 1
-1968.1 -2725.7 -5.0 286 0 11.6 5.8 8.0 2.5 2 0 2 2 2
-1936.6 -2785.2 -5.0 285 0 19.8 18.2 10.0 2.5 2 0 4 2 2
-1954.9 -2799.6 -5.0 15 0 6.9 10.8 4.0 2.5 2 1 1 2 2
-2039.3 -2756.2 -5.0 286 0 5.3 23.2 8.0 2.5 2 1 2 5 5
-2064.9 -2761.2 -5.0 195 0 20.2 15.0 7.5 2.5 2 0 3 3 3
-2069.7 -2782.4 -5.1 196 0 17.3 14.3 8.0 2.5 2 0 2 2 2
-2052.9 -2787.1 -5.1 197 0 17.1 15.9 10.0 2.5 2 0 4 3 3
-2077.4 -2840.2 -5.1 106 0 18.0 24.3 10.0 2.5 2 1 4 5 5
-2059.1 -2845.4 -5.1 106 0 18.0 25.5 7.5 2.5 2 1 3 2 2
-2108.1 -2737.3 -5.1 286 0 9.1 22.8 8.0 2.5 2 1 2 4 4
-2089.3 -2782.2 -5.1 16 0 20.1 17.7 7.5 2.5 2 0 3 2 2
-2264.7 -2794.9 -3.3 105 0 11.4 23.0 7.5 2.5 2 1 3 4 4
-2264.1 -2755.0 -4.0 196 0 23.1 17.5 10.0 0.0 0 0 4 0 0
-2257.8 -2733.0 -4.5 196 0 22.6 16.2 7.5 2.5 2 0 3 1 1
-2238.3 -2699.5 -5.1 285 0 12.9 23.9 2.5 2.5 2 1 1 1 1
-2238.1 -2737.2 -4.8 196 0 25.3 10.1 10.0 2.5 2 0 4 4 4
-2217.6 -2730.1 -5.0 286 0 11.7 25.1 10.0 2.5 4 1 4 2 2
-2280.6 -2688.4 -4.7 286 0 15.9 22.8 10.0 2.5 4 1 4 0 0
-2281.8 -2726.4 -4.0 16 0 21.9 15.6 10.0 2.5 2 0 4 1 1
-2295.0 -2772.3 -2.7 16 0 23.6 17.1 7.5 2.5 2 0 3 2 2
-2347.4 -2669.8 -5.1 286 0 35.5 57.9 7.5 0.0 0 1 3 4 4
-2404.8 -2763.5 -3.5 106 0 10.5 28.6 10.0 2.5 2 1 4 2 2
-2425.2 -2757.5 -3.6 106 0 10.9 28.3 7.5 2.5 2 1 3 5 5
-2429.2 -2772.3 -2.7 105 0 14.4 14.0 20.0 2.5 2 0 5 2 2
-2464.9 -2744.3 -3.6 106 0 12.4 19.7 4.0 2.5 2 1 1 2 2
-2493.2 -2748.1 -2.9 196 0 10.3 6.8 8.0 2.5 2 0 2 5 5
-2420.7 -2694.2 -4.6 286 0 7.1 24.9 4.0 2.5 2 1 1 1 1
-2429.8 -2670.0 -5.0 286 0 27.4 16.7 10.0 2.5 2 0 4 4 4
-2423.4 -2647.7 -5.1 286 0 25.1 11.1 10.0 0.0 0 0 4 5 5
-2448.1 -2640.6 -5.0 286 0 23.3 19.6 10.0 2.5 2 0 4 2 2
-2451.7 -2670.4 -4.6 195 0 12.0 5.4 8.0 2.5 2 0 2 3 3
-2462.8 -2666.7 -4.5 195 0 12.4 4.6 8.0 2.5 4 0 2 5 5
-2497.0 -2679.6 -3.6 15 0 13.6 34.9 7.5 2.5 2 1 3 3 3
-2504.3 -2704.8 -3.2 21 0 14.5 21.0 10.0 2.5 2 1 4 5 5
-2600.6 -2684.6 -3.7 106 0 37.2 16.2 10.0 2.5 2 0 4 2 2
-2604.1 -2709.0 -3.2 102 0 11.8 15.4 8.0 2.5 2 1 2 1 1
-2606.8 -2717.9 -2.9 110 0 11.8 4.5 8.0 2.5 2 0 2 5 5
-2634.5 -2702.5 -3.8 106 0 20.5 39.2 7.5 0.0 0 0 3 5 5
-2637.9 -2714.5 -3.1 106 0 13.2 12.5 4.0 2.5 2 0 1 1 1
-2651.7 -2657.2 -4.1 196 0 22.2 13.0 10.0 2.5 2 0 4 1 1
-2645.9 -2636.6 -4.4 196 0 20.5 13.0 10.0 2.5 2 0 4 4 4
-2626.1 -2592.6 -5.0 287 0 13.3 33.7 12.5 2.5 2 1 5 2 2
-2656.7 -2594.8 -5.0 196 0 20.0 10.0 8.0 2.5 2 0 2 3 3
-2673.9 -2662.4 -4.3 196 0 69.3 17.9 7.5 2.5 2 0 3 2 2
-2610.8 -2745.7 -2.6 286 0 11.0 23.7 7.5 2.5 2 0 3 5 5
-2612.9 -2769.7 -2.3 286 0 20.0 16.6 10.0 2.5 2 0 4 1 1
-2619.9 -2814.5 -2.1 108 0 9.0 8.1 4.0 2.5 2 0 1 0 0
-2634.0 -2813.0 -2.2 106 0 6.4 28.6 12.0 0.0 0 1 3 1 1
-2578.3 -2772.6 -2.3 286 0 8.2 6.7 12.0 2.5 2 0 3 4 4
-2578.7 -2781.9 -2.2 284 0 9.1 8.7 8.0 2.5 2 0 2 2 2
-2564.9 -2835.3 -2.2 106 0 23.9 46.5 7.5 2.5 2 1 3 1 1
-2533.0 -2817.6 -2.1 16 0 41.5 10.4 10.0 2.5 4 0 4 4 4
-2554.8 -2762.3 -2.4 286 0 7.8 7.5 12.0 2.5 2 0 3 0 0
-2513.3 -2821.6 -2.2 196 0 45.5 56.1 10.0 0.0 0 1 4 2 2
-2437.7 -2871.5 -2.1 106 0 17.2 46.5 10.0 2.5 2 1 4 2 2
-2466.9 -2786.8 -2.3 286 0 29.2 21.4 7.5 0.0 0 0 3 5 5
-2437.0 -2798.1 -2.2 286 0 29.5 18.9 7.5 2.5 2 0 3 4 4
-2416.9 -2876.0 -2.0 106 0 20.3 45.1 10.0 2.5 2 1 4 5 5
-2396.1 -2883.3 -2.1 106 0 16.2 46.9 10.0 2.5 2 1 4 4 4
-2376.9 -2888.8 -2.2 106 0 16.4 28.0 10.0 2.5 2 0 4 3 3
-2356.0 -2881.8 -2.1 106 0 20.0 37.6 10.0 0.0 0 0 4 3 3
-2320.1 -2865.2 -2.0 16 0 23.6 17.4 7.5 2.5 2 0 3 4 4
-2323.4 -2827.6 -1.9 285 0 13.1 17.6 8.0 2.5 2 0 2 1 1
-2395.8 -2809.7 -2.0 286 0 8.1 18.1 8.0 2.5 2 0 2 2 2
-2370.2 -2817.0 -1.9 286 0 18.8 18.3 7.5 2.5 2 0 3 5 5
-2272.7 -2817.1 -2.4 286 0 17.5 19.7 12.5 0.0 0 1 5 1 1
-2292.5 -2854.5 -2.3 196 0 11.9 17.6 8.0 0.0 0 0 2 4 4
-2299.5 -2871.0 -2.2 197 0 23.7 17.1 7.5 2.5 2 0 3 4 4
-2249.7 -2824.6 -2.9 286 0 20.5 40.3 10.0 0.0 0 1 4 2 2
-2304.3 -2894.3 -2.0 196 0 15.3 18.1 10.0 2.5 2 0 4 4 4
-2264.9 -2913.8 -2.8 106 0 10.3 40.3 7.5 2.5 2 1 3 2 2
-2240.8 -2915.7 -3.4 106 0 17.6 38.6 7.5 2.5 2 0 3 3 3
-2221.2 -2921.2 -3.7 106 0 18.4 38.6 10.0 2.5 2 1 4 3 3
-2208.4 -2933.8 -4.0 106 0 10.0 47.1 7.5 2.5 2 1 3 5 5
-2191.3 -2914.4 -4.1 106 0 7.6 22.0 8.0 2.5 2 0 2 1 1
-2189.8 -2940.1 -4.3 106 0 9.3 29.5 7.5 2.5 2 0 3 4 4
-2161.4 -2883.3 -4.5 286 0 20.0 14.3 7.5 2.5 2 0 3 3 3
-2156.9 -2867.6 -4.5 286 0 7.3 16.4 8.0 2.5 2 0 2 1 1
-2179.5 -2860.8 -4.1 286 0 5.6 12.7 8.0 2.5 2 1 2 3 3
-2524.6 -2953.9 -3.2 125 0 15.9 19.4 7.5 2.5 4 1 3 3 3
-2503.8 -2948.9 -2.5 126 0 7.1 7.3 4.0 2.5 2 1 1 0 0
-2488.8 -2961.8 -2.6 33 0 11.6 10.5 4.0 2.5 2 0 1 5 5
-2559.9 -2990.4 -5.2 106 0 8.7 10.1 12.0 2.5 2 1 3 0 0
-2252.4 -2952.5 -3.5 284 0 9.5 12.2 4.0 2.5 2 1 1 2 2
-2253.7 -2965.1 -4.1 287 0 13.4 44.5 7.5 2.5 2 1 3 1 1
-2257.2 -3076.6 -5.3 106 0 16.2 30.4 7.5 2.5 2 1 3 2 2
-3118.1 -2134.3 -5.2 105 0 44.0 15.7 7.5 2.5 2 0 3 1 1
-2964.9 -2217.6 -5.2 196 0 12.7 36.5 7.5 2.5 4 1 3 1 1
-2919.6 -2236.9 -5.2 106 0 18.9 7.2 7.5 0.0 0 0 3 1 1
-2901.9 -2241.9 -5.2 106 0 11.9 5.8 7.5 2.5 2 0 3 2 2
-2789.7 -2235.8 -5.1 16 0 25.7 9.6 2.5 2.5 2 0 1 4 4
-4731.6 -2135.5 2.0 112 0 9.5 21.8 2.5 2.5 4 1 1 5 5
-4772.7 -2032.1 1.3 25 0 16.1 19.1 7.5 2.5 2 1 3 0 0
-4848.2 -1981.4 1.0 298 0 20.4 7.1 7.5 2.5 2 0 3 5 5
-4548.2 -2240.9 -4.8 270 0 9.3 12.4 7.5 2.5 2 1 3 1 1
-3934.0 -2589.5 -5.9 106 0 5.4 13.2 7.5 0.0 0 1 3 2 2
-3595.1 -2334.8 -3.6 105 0 6.3 13.2 8.0 2.5 4 1 2 3 3
-3483.7 -1829.3 -3.2 283 0 6.6 20.4 7.5 2.5 2 0 3 3 3
-3480.6 -2181.1 -1.9 16 0 6.4 11.2 5.0 2.5 2 0 2 4 4
-2946.8 -2513.1 -5.1 285 0 4.4 12.7 5.0 2.5 2 1 2 5 5
-3573.7 -2144.1 -2.6 196 0 11.3 11.9 2.5 0.0 0 1 1 0 0
-3547.3 -2145.0 -2.4 16 0 11.3 11.9 5.0 0.0 0 1 2 5 5
-3544.0 -2133.6 -2.4 16 0 11.3 11.9 7.5 0.0 0 1 3 4 4
-3364.4 -1859.4 -3.7 284 0 5.9 22.6 2.5 0.0 0 0 1 1 1
-3639.6 -1819.3 -3.9 196 0 17.7 6.0 2.5 2.5 2 0 1 5 5
-3581.3 -1845.1 -3.2 106 0 6.4 18.6 5.0 2.5 2 0 2 1 1
-3488.6 -1872.5 -2.9 106 0 7.1 20.4 5.0 0.0 0 0 2 2 2
-3051.7 -2029.1 -5.1 285 0 28.7 14.8 7.5 0.0 0 0 3 5 5
-3018.7 -2039.8 -5.2 285 0 28.7 14.8 7.5 0.0 0 0 3 0 0
-2982.0 -2051.8 -5.1 285 0 28.7 14.8 10.0 0.0 0 0 4 3 3
-3075.3 -2065.3 -5.2 107 0 12.6 17.5 7.5 0.0 0 1 3 5 5
-3198.3 -2093.5 -5.2 12 0 20.8 16.9 7.5 0.0 0 0 3 0 0
-2680.6 -2413.6 -5.1 16 0 22.2 10.1 7.5 0.0 0 0 3 2 2
-3008.7 -2252.3 -5.2 238 0 26.3 9.9 7.5 0.0 0 0 3 4 4
-2810.1 -2365.6 -5.2 196 0 40.2 10.2 7.5 0.0 0 0 3 0 0
-2628.5 -2295.9 -5.1 196 0 22.2 10.1 12.5 0.0 0 0 5 2 2
-2661.2 -2411.1 -5.1 196 0 15.6 10.1 10.0 0.0 0 0 4 4 4
-2972.6 -2242.0 -5.2 287 0 41.9 11.2 10.0 0.0 0 0 4 4 4
-2649.2 -2368.7 -5.1 196 0 24.6 10.1 12.5 0.0 0 0 5 5 5
-2648.2 -2299.6 -5.1 16 0 22.2 10.1 5.0 0.0 0 0 2 4 4
-2882.0 -2113.6 -5.1 18 0 9.9 48.6 7.5 0.0 0 1 3 0 0
-2796.9 -2319.2 -5.2 196 0 31.2 10.1 10.0 0.0 0 0 4 0 0
-2470.9 -2241.5 -5.0 16 0 7.1 31.2 7.5 0.0 0 1 3 3 3
-2683.7 -2215.3 -5.1 16 0 31.2 10.1 7.5 0.0 0 0 3 4 4
-2954.2 -2366.1 -5.2 195 0 10.5 11.9 2.5 2.5 2 1 1 4 4
-2566.2 -2397.0 -5.1 16 0 22.2 10.1 7.5 0.0 0 0 3 1 1
-3048.8 -2238.7 -5.2 286 0 9.9 48.6 7.5 0.0 0 1 3 1 1
-2478.7 -2268.9 -5.0 16 0 24.6 10.1 7.5 0.0 0 0 3 2 2
-2875.9 -2093.6 -5.1 18 0 9.9 48.6 7.5 0.0 0 1 3 5 5
-2751.6 -2160.1 -5.1 196 0 37.8 10.1 10.0 0.0 0 0 4 1 1
-2548.6 -2400.8 -5.1 196 0 22.2 10.1 10.0 0.0 0 0 4 5 5
-2999.2 -2283.4 -5.2 59 0 41.9 11.1 7.5 0.0 0 0 3 5 5
-3238.1 -2076.8 -4.9 200 0 20.9 16.9 5.0 0.0 0 0 2 1 1
-2768.1 -2332.0 -5.1 16 0 37.8 10.1 7.5 0.0 0 0 3 1 1
-3020.7 -2227.3 -5.2 286 0 33.2 9.9 7.5 0.0 0 0 3 5 5
-3063.4 -2215.2 -5.2 286 0 9.9 48.6 7.5 0.0 0 1 3 5 5
-2955.9 -2153.8 -5.2 286 0 9.9 48.6 7.5 0.0 0 1 3 3 3
1229.6 -5242.7 1.2 193 0 6.6 19.0 10.5 3.5 2 1 3 1 1
1171.0 -5326.6 1.0 201 0 13.6 9.0 10.5 3.5 4 0 3 0 0
-3248.0 -2086.2 -4.5 12 0 10.2 16.5 7.5 2.5 2 1 3 4 4
-2958.2 -2380.2 -5.2 195 0 10.5 11.9 7.5 2.5 2 1 3 2 2
-2942.3 -2325.6 -5.2 195 0 10.5 11.9 10.0 2.5 2 1 4 4 4
-2938.5 -2311.4 -5.2 195 0 10.5 11.9 7.5 2.5 2 1 3 2 2
-4747.1 -2147.9 -0.5 302 0 28.8 16.2 7.5 0.0 0 0 3 0 0
1212.4 -5380.0 0.8 120 0 10.1 17.2 17.5 3.5 2 1 5 5 5
1235.4 -5354.4 0.9 28 0 30.1 9.8 10.5 3.5 2 0 3 1 1
1229.7 -5332.5 1.0 297 0 10.4 33.3 17.5 3.5 2 1 5 5 5
1251.1 -5393.5 0.5 116 0 11.7 17.8 17.5 3.5 2 1 5 0 0
1216.6 -5511.2 1.3 109 0 13.8 19.1 17.5 3.5 2 1 5 1 1
1237.6 -5173.2 0.6 290 0 14.6 18.0 14.0 3.5 2 1 4 4 4
1270.5 -5262.1 1.2 199 0 15.4 21.4 14.0 3.5 2 1 4 2 2
1366.9 -5191.9 -0.3 185 0 13.6 19.4 17.5 3.5 2 1 5 0 0
-4209.9 -4852.4 -0.9 252 0 5.8 14.7 7.5 2.5 2 1 3 1 1
-4179.8 -4870.8 -4.9 287 0 6.4 14.8 7.5 0.0 0 1 3 1 1
-4156.3 -4884.6 -6.9 56 0 6.5 15.2 7.5 2.5 2 1 3 1 1
-4162.1 -4865.6 -6.7 208 0 7.1 13.8 2.5 0.0 0 1 1 4 4
-4189.7 -4756.0 -4.0 209 0 10.0 15.3 5.0 2.5 2 1 2 4 4
-4305.1 -4862.6 -2.5 346 0 6.5 14.3 5.0 2.5 2 1 2 3 3
-4307.3 -4871.1 -3.1 351 0 6.3 14.8 5.0 2.5 2 1 2 3 3
-4310.3 -4879.3 -3.8 353 0 6.7 14.4 7.5 2.5 2 1 3 0 0
-4312.1 -4887.8 -4.4 356 0 6.9 15.4 5.0 2.5 4 1 2 4 4
-4310.0 -4912.8 -6.1 317 0 6.6 14.4 7.5 2.5 2 1 3 0 0
-4304.4 -4917.4 -6.2 300 0 6.0 15.4 7.5 2.5 4 1 3 2 2
-4301.1 -4936.2 -6.2 96 0 6.2 14.4 7.5 2.5 2 1 3 5 5
-4294.1 -4916.8 -4.9 220 0 6.1 14.4 5.0 2.5 2 1 2 0 0
-4294.3 -4908.7 -4.3 215 0 5.7 14.8 5.0 2.5 2 1 2 1 1
-4289.1 -4896.0 -3.8 241 0 6.8 15.5 7.5 2.5 2 1 3 3 3
-4280.5 -4886.4 -3.0 255 0 6.1 15.8 2.5 2.5 2 1 1 0 0
-4273.3 -4880.9 -2.4 256 0 6.7 15.4 7.5 2.5 2 1 3 3 3
-4236.6 -4918.6 -3.5 347 0 7.2 14.2 7.5 2.5 2 1 3 0 0
-4240.0 -4926.9 -4.2 347 0 5.9 15.2 2.5 2.5 2 1 1 3 3
-4235.7 -4935.6 -6.2 280 0 4.6 14.3 7.5 2.5 4 1 3 1 1
-4200.7 -4923.8 -6.2 31 0 6.5 14.2 5.0 2.5 2 1 2 0 0
-4232.8 -4930.8 -6.0 172 0 9.7 9.2 2.5 2.5 2 0 1 4 4
-4227.6 -4868.0 -1.1 153 0 10.2 9.7 5.0 2.5 2 0 2 4 4
-4196.9 -4855.6 -2.1 270 0 6.5 14.2 5.0 2.5 2 1 2 1 1
-4187.8 -4861.4 -3.4 279 0 6.1 14.5 5.0 2.5 4 1 2 4 4
-4175.1 -4878.9 -6.0 273 0 5.5 14.7 2.5 2.5 2 1 1 3 3
-4165.3 -4894.5 -6.8 79 0 5.9 16.1 5.0 2.5 2 1 2 2 2
-4145.1 -4850.3 -5.1 356 0 6.6 14.3 2.5 0.0 0 1 1 4 4
-4181.1 -4742.6 -4.9 222 0 10.1 17.0 2.5 2.5 2 1 1 0 0
-4456.4 -4774.7 -5.1 110 0 6.7 8.1 5.0 2.5 2 1 2 4 4
-4463.9 -4780.1 -5.8 88 0 7.0 8.2 2.5 2.5 2 1 1 3 3
-4422.9 -4784.0 -3.8 71 0 9.0 6.7 5.0 2.5 2 0 2 0 0
-4426.4 -4789.1 -4.5 345 0 6.9 8.0 7.5 2.5 2 1 3 5 5
-4430.0 -4816.9 -6.6 303 0 5.1 14.4 5.0 2.5 4 1 2 3 3
-4422.9 -4820.0 -6.4 293 0 5.7 15.2 5.0 2.5 2 1 2 5 5
-4410.7 -4803.8 -4.5 258 0 7.1 14.4 5.0 2.5 2 1 2 1 1
-4396.4 -4784.2 -2.8 265 0 4.2 14.9 5.0 2.5 2 1 2 4 4
-4375.8 -4782.1 -1.7 292 0 6.5 14.4 2.5 2.5 2 1 1 5 5
-4365.2 -4787.0 -1.4 310 0 7.3 14.7 7.5 0.0 0 1 3 4 4
-4354.9 -4816.4 -2.2 342 0 6.8 14.0 2.5 2.5 4 1 1 3 3
-4357.2 -4826.7 -2.8 351 0 6.6 14.4 2.5 0.0 0 1 1 0 0
-4386.3 -4856.3 -5.3 104 0 15.0 6.5 5.0 2.5 2 0 2 2 2
-4387.1 -4873.5 -6.2 132 0 6.4 14.4 7.5 0.0 0 1 3 3 3
-4358.1 -4870.8 -4.8 74 0 6.4 15.1 5.0 2.5 2 1 2 4 4
-4289.7 -4718.2 -2.5 43 0 22.6 28.3 15.0 0.0 0 0 6 2 2
-4277.4 -4730.2 -2.9 43 0 22.5 15.4 12.5 2.5 2 0 5 3 3
-4203.6 -4692.6 -6.7 168 0 9.3 13.1 2.5 2.5 2 1 1 5 5
-4198.9 -4705.4 -6.6 156 0 10.4 13.5 7.5 0.0 0 1 3 1 1
-4188.9 -4721.4 -6.7 94 0 9.2 15.7 5.0 2.5 2 1 2 2 2
-4205.7 -4779.1 -2.7 343 0 17.8 11.6 10.0 2.5 2 0 4 4 4
-4200.4 -4801.7 -1.4 346 0 22.9 11.2 12.5 2.5 4 0 5 3 3
-4252.7 -4781.1 -2.0 206 0 8.1 24.8 5.0 2.5 2 1 2 4 4
-4223.3 -4785.2 -2.2 26 0 8.1 14.2 5.0 2.5 4 1 2 2 2
-4283.0 -4789.4 -1.6 206 0 15.4 20.4 10.0 2.5 2 1 4 5 5
-4286.7 -4868.3 -1.3 84 0 5.4 13.1 7.5 2.5 2 1 3 2 2
-4298.3 -4856.4 -1.5 174 0 20.5 5.3 5.0 2.5 2 0 2 2 2
-4315.1 -4778.7 -0.8 78 0 13.7 39.0 5.0 2.5 2 1 2 4 4
-4474.0 -4746.2 -5.1 175 0 8.8 7.3 7.5 2.5 2 0 3 1 1
-4462.6 -4748.6 -4.5 129 0 7.2 7.8 7.5 2.5 2 1 3 2 2
-4485.7 -4743.5 -5.6 128 0 7.1 7.8 2.5 2.5 2 1 1 2 2
-4497.7 -4680.9 -1.5 150 0 12.2 9.0 5.0 2.5 2 0 2 5 5
-4511.9 -4666.1 -2.5 176 0 8.0 7.2 7.5 2.5 4 0 3 4 4
-4512.1 -4679.5 -2.3 137 0 7.3 6.9 2.5 2.5 2 0 1 4 4
-4525.9 -4637.8 -4.8 195 0 7.1 7.6 7.5 2.5 4 1 3 2 2
-4317.5 -4657.7 -2.0 220 0 9.5 12.6 7.5 2.5 2 1 3 5 5
-4471.0 -4729.6 -4.4 113 0 8.1 7.9 2.5 2.5 2 0 1 3 3
-4485.6 -4709.6 -3.0 117 0 7.5 8.1 2.5 2.5 2 1 1 0 0
-4496.3 -4711.6 -2.5 116 0 8.3 8.6 5.0 2.5 2 1 2 1 1
-4487.9 -4612.0 -3.9 21 0 12.6 10.8 7.5 2.5 2 0 3 3 3
-4448.1 -4625.3 -0.4 290 0 18.2 10.3 5.0 2.5 2 0 2 0 0
-4439.8 -4615.2 -0.6 290 0 18.0 10.3 7.5 2.5 2 0 3 2 2
-4399.8 -4752.4 -1.6 98 0 15.7 19.6 10.0 2.5 2 1 4 4 4
-4521.3 -4595.9 -5.6 200 0 6.2 13.9 2.5 2.5 2 1 1 3 3
-4519.8 -4608.0 -5.8 103 0 15.3 6.9 2.5 2.5 2 0 1 3 3
-4527.0 -4616.6 -6.3 71 0 14.2 6.1 5.0 2.5 2 0 2 1 1
-4506.7 -4616.7 -4.2 116 0 6.8 14.3 5.0 2.5 2 1 2 1 1
-4502.3 -4570.5 -6.4 248 0 7.0 19.2 5.0 2.5 4 1 2 0 0
-4489.8 -4567.9 -6.0 260 0 7.6 18.7 7.5 2.5 2 1 3 3 3
-4477.3 -4589.3 -5.3 82 0 9.2 18.4 7.5 2.5 2 1 3 5 5
-4465.1 -4588.5 -4.8 84 0 7.4 18.3 7.5 2.5 2 1 3 2 2
-4456.0 -4589.8 -4.5 84 0 7.3 18.3 7.5 2.5 2 1 3 0 0
-4443.2 -4586.7 -4.5 81 0 12.2 16.4 5.0 2.5 2 1 2 3 3
-4425.2 -4589.8 -4.1 87 0 12.2 16.4 10.0 2.5 2 1 4 2 2
-4399.9 -4559.4 -6.0 264 0 14.4 22.0 12.5 0.0 0 1 5 5 5
1061.1 -5667.4 1.8 8 0 98.0 12.0 17.5 3.5 2 0 5 5 5
1038.4 -5679.4 2.7 16 0 25.7 9.3 10.5 3.5 4 0 3 4 4
1034.0 -5661.1 2.6 16 0 29.1 10.8 17.5 3.5 2 0 5 1 1
1051.8 -5639.6 2.1 16 0 9.7 8.1 10.5 3.5 2 0 3 1 1
1029.1 -5611.0 2.4 286 0 42.7 13.6 17.5 3.5 2 0 5 0 0
1036.2 -5644.9 2.6 16 0 17.2 20.9 17.5 3.5 2 0 5 1 1
1000.8 -5652.7 2.2 196 0 44.0 11.1 17.5 0.0 0 0 5 1 1
982.4 -5673.9 1.6 197 0 21.0 9.9 10.5 3.5 2 0 3 2 2
977.6 -5655.7 1.4 197 0 56.3 9.9 10.5 3.5 2 0 3 4 4
977.0 -5694.5 1.4 198 0 15.3 9.3 10.5 3.5 2 0 3 2 2
967.1 -5691.3 1.2 198 0 15.3 10.4 17.5 3.5 2 0 5 2 2
1001.3 -5722.1 1.1 99 0 79.6 11.4 17.5 3.5 2 0 5 4 4
1298.7 -5878.7 0.7 192 0 10.5 20.9 17.5 3.5 2 1 5 3 3
1283.1 -5840.2 1.7 184 0 8.7 8.7 10.5 3.5 2 1 3 0 0
1253.8 -5847.1 2.0 287 0 49.9 11.6 14.0 3.5 2 0 4 5 5
1257.7 -5905.9 0.4 292 0 7.2 28.2 10.5 3.5 2 1 3 2 2
1226.0 -5929.6 -0.0 14 0 13.7 26.1 14.0 3.5 2 1 4 4 4
1177.3 -5752.7 1.9 186 0 11.7 33.0 14.0 3.5 2 1 4 1 1
1174.9 -5772.0 2.3 186 0 18.2 32.4 14.0 3.5 2 1 4 4 4
1206.9 -5870.4 2.4 105 0 15.4 35.7 14.0 3.5 2 1 4 5 5
1772.6 -5845.7 -0.6 0 0 10.5 30.9 17.5 0.0 0 1 5 1 1
1762.7 -5831.6 -0.6 1 0 5.6 13.5 10.5 3.5 2 1 3 2 2
1952.2 -6125.4 -5.1 5 0 8.9 5.9 10.5 3.5 2 0 3 1 1
1891.8 -6120.9 -4.9 187 0 25.4 11.8 17.5 3.5 2 0 5 1 1
1928.4 -5891.3 -2.3 96 0 23.7 20.2 17.5 3.5 2 0 5 3 3
1918.4 -5858.9 -2.0 186 0 20.1 23.5 17.5 3.5 2 1 5 1 1
1910.4 -5761.0 -1.3 275 0 6.9 9.4 10.5 3.5 2 1 3 1 1
1731.9 -5262.8 -1.5 276 0 10.0 45.8 10.5 3.5 2 0 3 4 4
1719.3 -5325.6 -1.4 95 0 7.6 11.3 10.5 3.5 2 1 3 5 5
1705.2 -5321.5 -1.6 96 0 13.8 10.6 14.0 3.5 2 0 4 1 1
1702.7 -5283.9 -1.5 186 0 30.4 9.8 10.5 3.5 2 0 3 2 2
1815.8 -5617.6 0.7 276 0 12.4 9.7 10.5 3.5 2 0 3 4 4
1813.4 -5668.6 0.3 116 0 27.4 16.0 17.5 3.5 2 0 5 3 3
1918.1 -5261.9 -2.4 275 0 8.2 7.1 10.5 3.5 2 0 3 5 5
1218.3 -6533.0 -3.2 32 0 15.8 24.9 17.5 0.0 0 1 5 4 4
1464.4 -6758.6 -4.9 96 0 11.2 26.5 14.0 3.5 2 1 4 3 3
1508.7 -6756.2 -4.9 6 0 20.5 35.1 14.0 0.0 0 1 4 5 5
1524.7 -6681.4 -2.6 6 0 10.5 7.1 10.5 3.5 2 0 3 2 2
1266.7 -4977.8 -1.2 283 0 21.7 22.6 17.5 3.5 4 1 5 1 1
1618.9 -6036.0 -0.3 206 0 13.9 22.3 17.5 0.0 0 1 5 2 2
1461.1 -4993.6 1.5 183 0 5.4 21.6 10.5 3.5 2 1 3 3 3
1620.4 -5061.9 -0.3 277 0 9.8 9.5 10.5 3.5 2 0 3 2 2
1530.1 -4979.4 -0.0 187 0 10.6 9.4 10.5 0.0 0 0 3 2 2
1561.5 -5090.1 -0.4 180 0 4.3 17.6 10.5 3.5 2 1 3 1 1
1502.9 -5028.9 0.9 288 0 19.7 9.6 10.5 3.5 2 0 3 2 2
1482.7 -4968.5 0.5 276 0 12.3 9.9 10.5 3.5 2 0 3 2 2
1387.6 -5001.9 1.8 186 0 9.7 16.5 10.5 3.5 2 1 3 5 5
1341.7 -4956.5 -0.0 8 0 7.2 8.8 10.5 0.0 0 1 3 2 2
1581.9 -5076.2 -0.3 7 0 10.0 8.3 10.5 3.5 2 0 3 5 5
1544.2 -5029.9 -0.2 96 0 10.7 10.8 17.5 3.5 2 1 5 2 2
1583.8 -5066.7 -0.3 10 0 5.6 13.4 10.5 3.5 2 1 3 3 3
1550.6 -5141.7 0.0 4 0 10.5 13.6 17.5 3.5 2 1 5 2 2
1573.1 -5114.0 -0.5 98 0 10.4 15.1 17.5 3.5 2 1 5 3 3
1526.0 -5009.6 -0.1 187 0 9.7 24.2 10.5 3.5 4 1 3 4 4
1554.5 -5107.8 -0.3 8 0 12.3 21.1 17.5 0.0 0 1 5 3 3
1594.6 -5012.2 -0.1 185 0 11.5 18.2 17.5 3.5 2 1 5 3 3
1378.1 -4979.4 1.0 7 0 19.2 16.5 14.0 0.0 0 0 4 0 0
1640.0 -5012.7 -0.3 6 0 9.0 19.8 10.5 3.5 2 1 3 3 3
1450.3 -5089.3 1.3 187 0 15.9 26.2 17.5 3.5 2 1 5 0 0
1465.9 -4985.0 1.1 187 0 9.3 19.8 10.5 0.0 0 1 3 3 3
1313.4 -4952.7 -0.5 184 0 6.4 8.0 10.5 3.5 2 1 3 2 2
1560.9 -4976.7 -0.0 277 0 9.4 14.7 10.5 0.0 0 1 3 5 5
1591.7 -5055.2 -0.3 185 0 10.8 7.7 10.5 3.5 2 0 3 1 1
1629.2 -4983.5 -0.3 276 0 12.4 12.9 17.5 3.5 2 1 5 3 3
1422.4 -4969.7 1.2 276 0 11.9 14.7 14.0 3.5 2 1 4 2 2
1651.0 -5061.5 -0.3 5 0 12.5 23.1 35.0 0.0 0 1 10 0 0
1484.7 -5020.2 1.4 291 0 13.3 11.2 14.0 3.5 2 0 4 5 5
1547.7 -4974.7 -0.0 277 0 5.8 11.7 10.5 3.5 2 1 3 1 1
1577.2 -4978.1 -0.0 276 0 8.9 12.6 10.5 3.5 2 1 3 1 1
1604.3 -5041.9 -0.2 97 0 22.9 11.1 17.5 3.5 2 0 5 5 5
1521.6 -5012.4 0.4 6 0 6.7 21.5 10.5 3.5 2 1 3 5 5
1521.6 -5004.6 0.3 6 0 5.5 11.3 10.5 3.5 2 1 3 2 2
1541.6 -5159.5 0.2 95 0 5.9 9.1 10.5 3.5 2 1 3 2 2
1347.7 -4988.2 0.6 187 0 10.0 10.2 10.5 3.5 2 1 3 2 2
1349.9 -4963.2 0.5 185 0 20.5 11.6 14.0 3.5 2 0 4 0 0
1554.1 -5040.3 -0.2 278 0 10.5 12.9 14.0 0.0 0 1 4 2 2
1472.3 -5052.1 1.6 276 0 14.7 21.1 17.5 0.0 0 1 5 3 3
1373.0 -5003.1 1.2 5 0 4.9 14.3 10.5 3.5 4 1 3 3 3
1493.7 -5050.1 1.0 105 0 23.2 9.4 10.5 3.5 2 0 3 2 2
1642.0 -5046.6 -0.3 96 0 18.7 10.8 17.5 3.5 2 0 5 4 4
1300.0 -4968.6 -0.9 198 0 16.1 12.0 17.5 0.0 0 0 5 4 4
1589.9 -5002.4 -0.1 6 0 9.3 26.1 10.5 0.0 0 1 3 5 5
1589.5 -5068.6 -0.3 185 0 11.1 23.3 17.5 3.5 2 1 5 1 1
1648.9 -5096.4 -0.5 7 0 9.7 9.3 10.5 3.5 2 0 3 1 1
1489.2 -5062.0 1.3 281 0 8.8 7.1 10.5 0.0 0 0 3 4 4
1482.0 -5114.4 0.4 286 0 13.7 7.8 10.5 3.5 2 0 3 4 4
1505.1 -5151.4 -0.1 102 0 7.4 18.1 10.5 3.5 2 1 3 3 3
1498.7 -5100.7 0.7 100 0 5.5 9.9 10.5 3.5 2 1 3 2 2
1490.3 -5102.5 0.8 103 0 6.7 8.9 10.5 3.5 2 1 3 0 0
1510.0 -5107.8 0.2 103 0 14.8 10.1 17.5 3.5 2 0 5 0 0
1601.3 -5156.7 -0.8 20 0 6.0 11.2 10.5 3.5 2 1 3 1 1
1584.5 -5132.0 -0.6 279 0 16.3 14.2 17.5 3.5 2 0 5 1 1
1609.6 -5140.9 -0.7 17 0 6.6 11.8 10.5 3.5 4 1 3 2 2
1594.2 -5121.5 -0.6 284 0 5.6 9.4 10.5 3.5 2 1 3 5 5
1655.1 -5118.6 -0.6 97 0 9.1 8.6 10.5 3.5 2 0 3 3 3
1556.7 -5139.5 0.1 188 0 6.9 9.3 10.5 3.5 4 1 3 5 5
1621.0 -5138.2 -0.7 202 0 8.0 8.8 10.5 0.0 0 1 3 4 4
1695.1 -5122.1 -0.6 92 0 8.0 13.0 10.5 3.5 2 1 3 3 3
1670.5 -5117.4 -0.5 103 0 10.1 14.6 14.0 3.5 2 1 4 0 0
1558.5 -5125.9 -0.1 187 0 15.6 7.2 10.5 3.5 2 0 3 5 5
1807.5 -5184.6 -0.9 4 0 15.8 7.2 10.5 3.5 2 0 3 3 3
1778.3 -5145.2 -0.8 2 0 6.9 14.5 10.5 3.5 2 1 3 5 5
1777.6 -5152.4 -0.9 7 0 5.0 19.9 10.5 3.5 2 1 3 5 5
1811.3 -5186.8 -0.8 184 0 16.2 28.2 14.0 3.5 2 1 4 3 3
1814.0 -5171.3 -0.8 183 0 5.7 19.5 10.5 3.5 2 1 3 1 1
1782.4 -5165.7 -0.9 184 0 11.8 19.9 14.0 3.5 2 1 4 2 2
1775.2 -5173.0 -1.0 8 0 8.2 12.8 10.5 3.5 2 1 3 4 4
1773.5 -5184.9 -1.0 7 0 10.0 32.4 14.0 3.5 2 1 4 4 4
1799.9 -5138.8 -0.8 277 0 13.0 11.5 14.0 3.5 2 0 4 3 3
1734.5 -5189.9 -1.0 96 0 6.5 15.3 10.5 3.5 2 1 3 0 0
1781.0 -5114.5 -0.7 5 0 17.2 58.8 17.5 3.5 2 1 5 0 0
1817.1 -5228.7 -1.0 98 0 5.9 13.1 10.5 3.5 4 1 3 0 0
1800.7 -5227.8 -1.1 96 0 6.7 12.2 10.5 3.5 2 1 3 5 5
1792.4 -5226.7 -1.1 99 0 5.8 12.6 10.5 3.5 2 1 3 2 2
1764.5 -5276.1 -1.5 7 0 10.9 18.1 14.0 3.5 2 1 4 2 2
1794.2 -5273.6 -1.5 276 0 14.1 10.1 17.5 3.5 2 0 5 4 4
1793.7 -5337.3 -0.2 276 0 18.5 16.1 17.5 3.5 2 0 5 2 2
1725.4 -5393.2 -0.2 98 0 10.0 15.2 10.5 3.5 2 1 3 3 3
1769.4 -5379.4 0.5 189 0 6.4 12.2 10.5 3.5 2 1 3 2 2
1693.4 -5383.3 -0.8 188 0 12.1 8.9 10.5 3.5 4 0 3 0 0
1809.1 -5399.1 0.5 96 0 19.1 21.0 17.5 3.5 2 1 5 3 3
1696.1 -5367.2 -0.9 184 0 18.1 21.3 14.0 3.5 2 1 4 1 1
1789.5 -5397.0 0.6 97 0 16.1 10.1 17.5 3.5 2 0 5 5 5
1813.5 -5339.8 -0.2 276 0 19.1 37.3 17.5 0.0 0 1 5 0 0
1791.2 -5385.4 0.5 95 0 15.8 8.6 10.5 3.5 4 0 3 2 2
1770.6 -5371.1 0.4 186 0 7.9 12.5 10.5 3.5 2 1 3 5 5
1755.2 -5358.9 -0.1 7 0 15.8 11.8 14.0 3.5 2 0 4 3 3
1752.6 -5386.7 0.1 5 0 13.2 16.7 14.0 0.0 0 1 4 1 1
1773.2 -5394.4 0.4 98 0 12.3 9.0 10.5 3.5 2 0 3 1 1
1697.8 -5341.2 -1.4 185 0 15.1 11.7 14.0 3.5 2 0 4 4 4
1654.0 -5300.1 -1.5 95 0 6.9 10.2 10.5 3.5 2 1 3 2 2
1664.3 -5303.5 -1.5 95 0 10.2 14.9 17.5 3.5 2 1 5 4 4
1651.7 -5317.2 -1.5 95 0 11.4 13.7 17.5 3.5 2 1 5 1 1
1688.7 -5358.1 -1.6 6 0 12.2 25.1 17.5 3.5 2 1 5 4 4
1692.0 -5271.5 -1.5 5 0 8.6 16.8 10.5 3.5 2 1 3 0 0
1689.8 -5281.9 -1.5 8 0 7.6 9.2 10.5 3.5 2 1 3 3 3
1769.0 -5466.0 0.2 97 0 11.8 18.5 17.5 3.5 2 1 5 1 1
1812.4 -5462.6 0.4 7 0 9.8 29.0 10.5 3.5 2 1 3 2 2
1813.5 -5421.4 0.6 6 0 15.2 19.0 17.5 3.5 2 1 5 4 4
1779.4 -5435.7 0.3 7 0 22.2 12.2 17.5 3.5 2 0 5 4 4
1779.4 -5422.1 0.4 96 0 16.9 12.9 17.5 3.5 2 0 5 5 5
1811.4 -5452.9 0.5 7 0 6.2 11.9 10.5 3.5 2 1 3 2 2
1757.4 -5463.1 0.2 97 0 8.2 17.6 10.5 3.5 2 1 3 4 4
-5025.2 -1552.6 -4.1 106 0 26.6 24.3 10.0 0.0 0 0 4 4 4
1726.6 -5528.5 -0.2 96 0 8.5 13.8 10.5 3.5 2 1 3 2 2
-2576.6 -2931.5 -3.8 100 0 9.0 27.7 7.5 0.0 0 1 3 5 5
-2591.0 -2927.8 -3.7 106 0 12.9 31.1 10.0 2.5 2 1 4 0 0
-2569.3 -2872.4 -2.6 268 0 12.0 17.8 2.5 2.5 2 1 1 1 1
1898.2 -6602.3 -6.3 97 0 51.5 10.8 10.5 0.0 0 0 3 0 0
1840.6 -6613.7 -7.8 275 0 7.2 13.0 10.5 3.5 2 1 3 5 5
1856.2 -6475.9 -4.9 211 0 10.6 22.1 14.0 3.5 2 1 4 5 5
1994.5 -6327.4 -8.5 5 0 52.1 8.0 10.5 3.5 2 0 3 5 5
1978.7 -6828.9 -8.1 354 0 19.3 29.1 10.5 3.5 2 1 3 2 2
-147.4 -2972.4 -4.8 180 0 33.1 53.0 10.0 0.0 0 1 4 2 2
-138.6 -2911.7 -4.8 178 0 31.4 34.6 10.0 0.0 0 1 4 3 3
-262.8 -3947.9 -4.7 270 0 80.3 13.0 10.5 3.5 2 0 3 5 5
-264.7 -3087.2 -4.1 268 0 22.9 10.9 5.0 2.5 2 0 2 1 1
-310.0 -3085.5 -4.8 182 0 10.9 13.6 7.5 2.5 2 1 3 1 1
1259.2 -6647.3 -4.6 276 0 29.0 12.4 17.5 3.5 2 0 5 2 2
1267.4 -6707.4 -4.9 6 0 12.9 13.9 17.5 3.5 2 1 5 3 3
1416.7 -6692.8 -3.9 186 0 45.7 11.7 14.0 3.5 2 0 4 1 1
1414.2 -6719.3 -4.2 185 0 11.0 26.6 14.0 3.5 4 1 4 3 3
-4763.8 -2015.4 0.9 27 0 16.0 19.6 7.5 2.5 2 1 3 2 2
1397.2 -5512.3 0.1 21 0 5.6 9.5 10.5 3.5 2 1 3 2 2
1398.4 -5505.4 -0.1 18 0 5.5 11.0 10.5 3.5 2 1 3 1 1
1330.0 -5494.6 2.3 35 0 6.0 13.6 10.5 0.0 0 1 3 5 5
1535.8 -5649.1 -1.2 193 0 7.5 18.7 10.5 3.5 2 1 3 5 5
1672.0 -5518.7 -0.9 7 0 13.0 15.2 14.0 3.5 2 1 4 2 2
1476.3 -5405.5 -0.7 272 0 7.3 9.8 10.5 3.5 2 1 3 2 2
1956.9 -5309.5 -5.1 84 0 19.2 51.4 17.5 3.5 2 1 5 4 4
897.6 -6076.8 -3.4 68 0 31.4 63.7 14.0 0.0 0 1 4 5 5
891.4 -6083.2 -3.4 250 0 14.9 31.6 17.5 3.5 2 1 5 0 0
936.4 -6186.2 -3.3 69 0 30.9 68.7 17.5 0.0 0 1 5 1 1
1404.9 -5104.3 0.9 285 0 19.3 17.4 31.5 0.0 0 0 9 0 0
1747.6 -5660.0 3.2 275 0 26.1 10.0 35.0 0.0 0 0 10 5 5
1748.0 -5655.5 4.1 95 0 26.1 10.0 10.5 0.0 0 0 3 3 3
1790.1 -5668.9 2.4 5 0 10.0 26.1 35.0 0.0 0 1 10 3 3
1765.1 -5652.4 2.6 185 0 10.0 26.1 10.5 0.0 0 1 3 3 3
-4382.5 -4608.3 -1.6 277 0 41.4 9.2 7.5 2.5 2 0 3 3 3
-3080.2 -2189.3 -5.2 107 0 23.1 18.8 10.0 2.5 2 0 4 0 0
-2746.2 -2266.4 -5.1 15 0 6.8 11.8 7.5 2.5 4 1 3 4 4
-2770.7 -2238.4 -5.1 206 0 19.8 24.6 10.0 2.5 2 1 4 0 0
-2812.9 -2288.9 -5.2 285 0 12.5 7.9 7.5 2.5 2 0 3 4 4
-4211.2 -4716.8 -5.5 10 0 9.8 31.2 7.5 2.5 2 0 3 2 2
-4245.0 -4656.6 -4.9 337 0 17.1 30.0 10.0 2.5 4 1 4 0 0
-4245.3 -4738.3 -4.7 194 0 11.9 22.3 10.0 2.5 2 1 4 4 4
-4245.4 -4704.4 -5.1 155 0 8.6 23.9 7.5 2.5 2 0 3 3 3
-4292.4 -4809.0 -0.5 206 0 25.0 11.7 12.5 2.5 2 0 5 0 0
-4390.8 -4650.2 0.7 303 0 20.5 25.8 10.0 2.5 2 1 4 4 4
-4387.1 -4631.1 0.1 233 0 16.1 20.6 10.0 2.5 2 1 4 2 2
-4439.7 -4648.9 0.1 205 0 12.7 28.8 12.5 2.5 2 1 5 4 4
-4472.1 -4669.9 -1.5 177 0 15.2 21.3 10.0 2.5 2 1 4 3 3
-4310.8 -4733.4 -1.4 58 0 15.4 30.9 15.0 0.0 0 1 6 2 2
-4297.2 -4770.7 -1.6 78 0 13.9 37.7 10.0 2.5 2 1 4 4 4
-4342.9 -4732.0 -0.4 150 0 25.3 13.6 7.5 2.5 2 0 3 2 2
-4375.2 -4721.7 0.4 120 0 12.2 21.7 10.0 0.0 0 1 4 5 5
-4411.8 -4771.9 -3.0 51 0 9.8 30.0 7.5 2.5 4 1 3 0 0
-4412.4 -4717.4 -0.8 146 0 13.4 33.8 7.5 2.5 2 1 3 5 5
-6897.5 -2374.8 -8.3 267 0 12.2 31.6 7.5 0.0 0 1 3 0 0
-6907.3 -2240.8 -6.7 184 0 22.9 8.8 5.0 2.5 2 0 2 4 4
-6872.2 -2139.9 -8.2 179 0 18.2 22.7 10.0 2.5 2 1 4 0 0
-6911.4 -2088.0 -4.9 267 0 24.4 50.6 10.0 2.5 2 1 4 4 4
-6911.2 -2145.7 -5.6 269 0 20.0 48.2 7.5 2.5 2 1 3 0 0
-6901.2 -2005.0 -2.9 196 0 6.7 11.9 2.5 2.5 2 1 1 4 4
-6868.6 -1986.4 -5.6 35 0 5.1 12.1 7.5 2.5 2 1 3 1 1
-6870.6 -1968.3 -5.0 35 0 10.5 6.1 2.5 2.5 2 0 1 4 4
-6886.2 -1972.3 -4.1 121 0 6.9 12.7 5.0 2.5 2 1 2 0 0
-6905.0 -1968.9 -2.1 133 0 5.3 11.2 7.5 2.5 2 1 3 4 4
-6903.3 -1896.0 -2.7 140 0 6.8 11.5 2.5 0.0 0 1 1 3 3
-6907.6 -1834.1 -2.4 219 0 5.7 11.2 7.5 2.5 2 1 3 4 4
-6899.1 -1749.4 -2.4 230 0 6.8 13.4 7.5 2.5 2 1 3 5 5
-6892.9 -1744.3 -2.6 230 0 6.8 13.4 7.5 2.5 2 1 3 1 1
-6849.8 -1747.4 -4.4 81 0 10.2 13.6 2.5 2.5 2 1 1 0 0
-6826.4 -1747.5 -5.8 88 0 10.2 13.6 5.0 2.5 2 1 2 5 5
-6799.3 -1758.0 -7.2 45 0 13.7 12.0 7.5 2.5 2 0 3 3 3
-6875.3 -1712.5 -2.4 179 0 12.6 12.6 5.0 2.5 2 0 2 2 2
-6830.9 -1666.5 -3.6 7 0 10.4 10.5 5.0 2.5 2 1 2 3 3
-6830.0 -1680.1 -3.0 6 0 7.6 13.6 5.0 2.5 2 1 2 3 3
-6803.0 -1688.6 -4.3 19 0 8.9 27.0 2.5 2.5 4 1 1 5 5
-6785.1 -1677.2 -4.9 23 0 9.9 18.2 5.0 2.5 2 1 2 1 1
-6774.7 -1627.4 -7.3 307 0 42.3 20.3 12.5 2.5 2 0 5 5 5
-6807.5 -1671.2 -4.2 63 0 14.5 22.1 7.5 2.5 2 1 3 2 2
-6802.1 -1610.0 -6.7 305 0 17.2 19.4 10.0 2.5 2 1 4 0 0
-6837.1 -1616.2 -5.7 268 0 22.6 18.8 12.5 2.5 2 0 5 1 1
-6861.6 -1652.6 -4.8 186 0 31.3 19.9 12.5 0.0 0 0 5 5 5
-6887.2 -1616.7 -6.3 195 0 7.3 18.2 5.0 2.5 2 1 2 4 4
-6897.9 -1657.2 -5.0 180 0 11.5 22.0 12.5 2.5 2 1 5 2 2
1408.5 -5582.2 -0.1 192 0 6.1 17.9 10.5 3.5 2 1 3 3 3
1352.9 -5339.9 1.3 26 0 18.8 13.3 17.5 3.5 2 0 5 4 4
1361.9 -5320.4 1.6 23 0 18.6 9.6 10.5 0.0 0 0 3 5 5
1428.1 -5326.4 -0.1 211 0 17.4 16.7 14.0 3.5 2 0 4 5 5
1507.1 -5364.3 -1.2 196 0 6.8 10.9 10.5 3.5 2 1 3 3 3
1620.3 -5459.2 -0.6 278 0 8.2 8.8 10.5 3.5 4 1 3 0 0
1297.5 -5547.2 1.8 288 0 14.9 5.6 10.5 3.5 2 0 3 3 3
1563.6 -5402.4 -0.4 101 0 8.4 17.1 10.5 3.5 2 1 3 4 4
1618.0 -5433.2 -0.8 183 0 6.9 12.0 10.5 3.5 2 1 3 2 2
1542.4 -5570.6 -0.4 281 0 6.9 13.8 10.5 3.5 4 1 3 0 0
1519.7 -5657.1 -1.5 282 0 9.5 6.7 10.5 3.5 2 0 3 4 4
982.7 -5437.5 -0.7 194 0 16.3 19.6 14.0 0.0 0 1 4 3 3
987.9 -5418.6 -0.6 195 0 11.5 17.9 14.0 3.5 2 1 4 0 0
1004.8 -5394.2 -0.4 288 0 17.6 14.9 14.0 3.5 2 0 4 0 0
1378.3 -5107.1 1.1 185 0 11.8 11.3 17.5 3.5 2 0 5 1 1
1930.3 -5676.0 -1.8 6 0 30.0 17.4 17.5 0.0 0 0 5 2 2
1935.5 -5714.8 -1.6 185 0 18.2 15.8 17.5 3.5 2 0 5 3 3
1999.6 -5723.2 -2.8 359 0 10.1 40.8 17.5 3.5 4 1 5 1 1
1981.6 -5741.5 -2.3 1 0 22.5 18.7 17.5 3.5 2 0 5 2 2
-822.5 -3966.2 -3.4 89 0 12.4 6.2 2.5 2.5 2 0 1 1 1
-1254.9 -3954.6 -4.2 2 0 4.9 23.9 5.0 2.5 2 1 2 4 4
-1300.5 -3969.8 -4.2 92 0 10.8 13.1 5.0 2.5 2 1 2 5 5
-1308.9 -3946.1 -4.2 272 0 6.5 11.1 7.5 2.5 2 1 3 2 2
-1287.8 -3962.4 -4.2 92 0 6.3 25.4 5.0 2.5 2 1 2 4 4
-1289.8 -3925.3 -4.1 179 0 8.4 8.8 5.0 2.5 2 1 2 3 3
-1276.4 -3965.0 -4.2 92 0 15.4 8.0 7.5 2.5 2 0 3 5 5
-1256.6 -3901.3 -4.0 269 0 28.7 6.8 5.0 2.5 2 0 2 5 5
-1236.0 -3926.0 -4.1 359 0 8.7 44.8 7.5 2.5 2 1 3 1 1
-1240.7 -3973.1 -4.2 89 0 14.0 36.4 7.5 2.5 4 1 3 4 4
-1187.6 -4000.3 -5.4 274 0 6.8 17.4 7.5 2.5 2 1 3 2 2
-1154.6 -3992.3 -5.1 269 0 12.7 8.7 5.0 2.5 2 0 2 5 5
-1134.1 -3988.6 -5.4 269 0 7.4 41.0 7.5 2.5 2 1 3 4 4
-1117.7 -3988.9 -5.4 269 0 9.2 40.8 7.5 2.5 4 1 3 1 1
-1680.3 -3887.9 -4.7 270 0 50.1 33.1 10.0 0.0 0 0 4 1 1
-1715.6 -3890.1 -5.0 270 0 8.6 32.3 7.5 2.5 2 1 3 1 1
-1735.7 -3911.4 -4.7 173 0 8.1 13.4 7.5 0.0 0 1 3 1 1
-1753.4 -3910.7 -5.0 175 0 8.2 13.5 5.0 0.0 0 1 2 2 2
1221.4 -6676.9 -5.0 281 0 34.3 30.9 17.5 0.0 0 0 5 1 1
1032.2 -5511.6 0.4 105 0 37.1 53.7 21.0 0.0 0 1 6 0 0
1234.4 -6643.3 -4.7 274 0 13.8 21.3 17.5 3.5 2 1 5 0 0
-5167.5 -1651.2 -4.3 196 0 34.5 35.6 12.5 0.0 0 1 5 4 4
-5096.5 -1652.6 -3.4 286 0 35.6 34.5 10.0 0.0 0 0 4 4 4
-5047.4 -1667.5 -2.1 286 0 35.6 34.5 10.0 0.0 0 0 4 0 0
-4997.7 -1681.2 -5.6 286 0 35.6 34.5 12.5 0.0 0 0 5 1 1
-4953.3 -1685.4 -6.3 196 0 34.5 35.6 10.0 0.0 0 1 4 4 4
-4929.6 -1605.6 -6.2 196 0 34.5 35.6 10.0 0.0 0 1 4 2 2
-4854.3 -1731.9 -6.2 106 0 35.6 34.5 12.5 0.0 0 0 5 0 0
-4809.7 -1637.8 -6.1 16 0 34.5 35.6 10.0 0.0 0 1 4 2 2
-4718.0 -1798.1 -6.1 106 0 35.6 34.5 12.5 0.0 0 0 5 2 2
-4665.9 -1653.3 -6.0 16 0 34.5 35.6 12.5 0.0 0 1 5 1 1
-4750.9 -1616.8 -6.1 285 0 45.5 32.9 7.5 0.0 0 0 3 5 5
-4794.5 -1772.8 -6.2 105 0 48.8 33.9 7.5 0.0 0 0 3 1 1
-4873.9 -1800.0 -5.7 104 0 33.6 53.6 12.5 0.0 0 1 5 1 1
-4803.9 -1548.8 -6.1 285 0 34.6 47.6 10.0 0.0 0 1 4 2 2
-4889.5 -1522.9 -6.2 284 0 35.5 47.7 10.0 0.0 0 1 4 1 1
-4958.8 -1775.9 -6.3 104 0 33.6 53.6 10.0 0.0 0 1 4 3 3
1121.0 -5588.6 0.3 276 0 24.5 17.6 17.5 3.5 2 0 5 2 2
1130.4 -5616.3 0.3 7 0 12.3 24.6 17.5 3.5 2 1 5 1 1
1128.1 -5641.9 0.3 8 0 33.0 25.3 17.5 0.0 0 0 5 1 1
1660.2 -6692.5 -3.9 277 0 30.4 45.8 14.0 0.0 0 1 4 2 2
1718.4 -6151.8 -2.9 276 0 32.8 17.7 17.5 3.5 2 0 5 0 0
1704.9 -6207.9 -2.6 96 0 17.7 29.6 17.5 0.0 0 1 5 1 1
-3514.1 -2167.5 -2.4 17 0 29.0 24.6 7.5 0.0 0 0 3 3 3
2029.3 -6398.8 -8.5 270 0 22.6 36.5 14.0 0.0 0 1 4 0 0
1420.3 -5188.0 -0.1 275 0 17.5 18.1 17.5 3.5 2 1 5 3 3
950.1 -5879.9 0.7 349 0 37.1 59.0 14.0 0.0 0 1 4 0 0
-2885.5 -2302.7 -5.2 195 0 46.1 67.5 10.0 0.0 0 1 4 3 3
