-6398.7 -97.1 -1.5 348 0 14.2 14.4 2.5 2.5 2 1 1 5 5
-6505.7 -99.8 -0.3 146 0 12.3 14.6 7.5 2.5 2 0 3 5 5
-6465.9 -104.1 -0.4 55 0 16.1 36.1 5.0 2.5 2 1 2 2 2
-3778.0 -4035.9 0.0 118 0 13.4 9.7 7.5 2.5 2 0 3 4 4
-6517.3 -73.8 -0.1 146 0 18.7 11.3 5.0 2.5 2 0 2 1 1
-6540.6 -33.3 -0.8 235 0 14.3 15.3 2.5 2.5 2 0 1 4 4
-3806.8 -4123.9 -5.7 36 0 7.3 7.6 5.0 2.5 2 1 2 0 0
-6512.7 -89.6 -0.2 146 0 12.6 16.3 10.0 2.5 2 0 4 5 5
-6399.7 -74.7 -1.1 348 0 27.2 18.9 10.0 2.5 2 0 4 2 2
-6417.4 -86.8 -1.1 348 0 26.4 22.0 10.0 2.5 2 0 4 5 5
-6470.9 -61.2 -0.4 249 0 13.1 35.5 7.5 2.5 2 1 3 4 4
-6776.0 2189.3 -3.9 89 0 19.2 11.7 7.5 2.5 2 0 3 4 4
-6807.7 2194.5 -3.4 177 0 13.3 17.6 5.0 2.5 2 1 2 1 1
-6466.3 -114.7 -0.6 147 0 8.6 29.3 7.5 0.0 0 1 3 1 1
-6439.4 -146.3 -1.3 121 0 16.8 17.1 7.5 2.5 2 1 3 2 2
-6450.9 -135.9 -0.7 121 0 9.0 11.6 5.0 2.5 2 1 2 1 1
-6422.2 -53.2 -0.6 299 0 17.5 17.8 10.0 2.5 2 1 4 4 4
-6540.6 -87.9 -1.3 52 0 11.0 37.4 17.5 0.0 0 1 7 4 4
