4910.5 6116.0 -8.1 270 0 14.1 20.4 5.0 2.5 2 1 2 2 2
4932.4 6090.8 -8.1 92 0 17.3 8.6 7.5 2.5 2 0 3 5 5
5009.1 6084.4 -8.1 14 0 11.2 16.6 7.5 2.5 2 1 3 0 0
5008.0 6124.1 -8.2 100 0 10.1 17.7 5.0 2.5 2 1 2 1 1
4800.3 6075.0 -8.0 148 0 9.0 17.3 7.5 0.0 0 1 3 1 1
4782.8 6055.5 -7.9 35 0 17.3 8.7 7.5 2.5 2 0 3 1 1
4753.3 6011.5 -7.9 45 0 7.7 17.9 2.5 2.5 2 1 1 4 4
4709.0 6023.5 -7.9 121 0 18.6 10.9 7.5 2.5 2 0 3 0 0
4642.6 6031.0 -7.8 95 0 17.0 10.2 7.5 2.5 2 0 3 1 1
4610.3 6062.3 -7.8 270 0 12.4 23.0 10.0 2.5 2 1 4 0 0
4569.3 6049.0 -7.8 269 0 18.2 10.2 5.0 2.5 2 0 2 3 3
4537.9 6040.7 -7.7 267 0 17.7 10.5 5.0 2.5 2 0 2 3 3
4589.8 6123.5 -7.9 203 0 9.3 17.2 7.5 0.0 0 1 3 5 5
4632.1 6114.2 -7.9 93 0 17.6 7.8 5.0 2.5 2 0 2 4 4
4667.1 6112.6 -7.9 86 0 14.0 9.2 5.0 2.5 2 0 2 3 3
4742.2 6119.3 -8.0 62 0 15.0 8.1 7.5 2.5 2 0 3 2 2
4874.3 6176.3 -8.1 120 0 9.0 18.4 7.5 2.5 2 1 3 0 0
4902.0 6206.9 -8.2 34 0 18.0 8.6 7.5 2.5 2 0 3 1 1
4927.7 6280.2 -8.3 7 0 18.7 8.6 7.5 2.5 2 0 3 2 2
4889.1 6402.9 -8.4 256 0 9.0 17.1 5.0 2.5 2 1 2 5 5
4809.8 6445.1 -8.3 138 0 19.0 8.2 7.5 2.5 2 0 3 2 2
4725.1 6521.0 -8.4 348 0 18.8 9.6 7.5 2.5 2 0 3 5 5
4712.9 6554.8 -8.4 328 0 18.8 8.2 5.0 2.5 2 0 2 3 3
4792.7 6540.0 -8.4 73 0 8.9 18.1 7.5 2.5 2 1 3 0 0
4850.1 6502.5 -8.4 141 0 17.8 8.5 5.0 0.0 0 0 2 5 5
4912.5 6466.2 -8.4 42 0 8.7 18.2 5.0 0.0 0 1 2 1 1
4943.7 6449.2 -8.4 111 0 19.3 9.1 2.5 2.5 2 0 1 2 2
4966.5 6447.7 -8.5 112 0 16.3 8.2 7.5 2.5 2 0 3 5 5
5047.7 6432.2 -8.4 95 0 19.1 8.9 7.5 2.5 2 0 3 4 4
5066.6 6424.5 -8.2 92 0 16.7 8.7 5.0 2.5 2 0 2 5 5
5139.4 6432.2 -8.0 85 0 17.3 8.0 5.0 2.5 2 0 2 1 1
5182.7 6448.5 -7.0 260 0 17.8 9.2 7.5 0.0 0 0 3 3 3
5197.4 6394.9 -7.7 263 0 13.1 21.7 7.5 2.5 2 1 3 0 0
5321.6 6377.3 -6.1 276 0 16.6 10.0 7.5 2.5 2 0 3 4 4
5430.7 6343.1 -6.6 305 0 19.4 9.0 5.0 0.0 0 0 2 1 1
5459.3 6321.6 -6.6 308 0 16.6 8.4 5.0 0.0 0 0 2 5 5
5482.2 6282.9 -7.4 42 0 9.0 23.2 7.5 2.5 2 1 3 1 1
5598.0 6364.2 -4.3 253 0 14.7 29.4 10.0 2.5 2 1 4 2 2
5643.0 6313.5 -6.0 96 0 29.5 11.4 12.5 2.5 2 0 5 1 1
5637.8 6339.2 -5.8 276 0 44.9 13.6 10.0 2.5 4 0 4 0 0
5664.8 6310.0 -6.6 97 0 12.6 12.4 5.0 2.5 2 0 2 0 0
5671.9 6364.6 -5.8 277 0 7.8 28.1 7.5 2.5 2 1 3 1 1
5632.0 6356.6 -4.8 274 0 29.7 13.2 12.5 2.5 2 0 5 2 2
5629.3 6368.5 -4.3 274 0 37.7 8.8 7.5 2.5 2 0 3 4 4
5614.1 6378.1 -3.4 93 0 49.2 12.3 10.0 2.5 2 0 4 5 5
5678.2 6370.4 -2.7 101 0 39.2 13.0 17.5 0.0 0 0 7 4 4
5695.3 6354.7 -6.3 276 0 19.7 29.4 12.5 2.5 2 1 5 2 2
5688.7 6307.7 -7.6 96 0 33.8 12.5 10.0 2.5 4 0 4 3 3
5716.2 6292.4 -8.7 93 0 18.1 9.2 5.0 2.5 2 0 2 0 0
5696.0 6293.8 -8.4 93 0 17.5 9.4 5.0 2.5 2 0 2 3 3
5655.4 6297.8 -6.7 96 0 19.3 9.5 2.5 2.5 2 0 1 5 5
5635.0 6303.9 -5.6 96 0 18.9 8.7 7.5 2.5 2 0 3 2 2
5567.4 6350.0 -4.3 241 0 7.7 16.4 5.0 0.0 0 1 2 5 5
5581.5 6375.4 -3.6 274 0 9.8 17.4 5.0 0.0 0 1 2 3 3
5545.4 6350.2 -4.4 231 0 10.6 18.7 2.5 2.5 2 1 1 2 2
5529.1 6383.0 -3.6 97 0 15.2 14.1 7.5 2.5 2 0 3 4 4
5579.8 6224.4 -8.7 213 0 15.1 23.3 7.5 2.5 4 1 3 4 4
5698.5 6246.8 -8.9 250 0 16.9 10.2 5.0 2.5 2 0 2 3 3
5742.2 6241.8 -8.9 347 0 11.4 15.2 2.5 2.5 4 1 1 3 3
5929.9 6225.8 -9.1 302 0 18.8 10.1 5.0 2.5 2 0 2 0 0
5966.5 6215.7 -9.1 300 0 17.2 9.7 5.0 2.5 4 0 2 4 4
6059.3 6127.2 -9.1 180 0 10.3 19.8 5.0 2.5 2 1 2 0 0
6107.8 6130.2 -9.1 275 0 20.6 9.8 7.5 2.5 2 0 3 3 3
6219.0 6107.2 -9.2 25 0 14.5 18.4 7.5 0.0 0 1 3 5 5
5763.7 6357.4 -7.9 275 0 32.6 16.0 15.0 0.0 0 0 6 2 2
5764.1 6380.4 -8.0 98 0 33.8 17.8 12.5 0.0 0 0 5 4 4
5763.4 6419.1 -7.0 276 0 18.3 19.0 12.5 2.5 2 1 5 2 2
5740.7 6384.7 -5.0 101 0 12.0 27.0 10.0 2.5 2 1 4 0 0
5726.7 6388.0 -3.5 102 0 12.1 24.9 12.5 2.5 2 1 5 0 0
5706.2 6365.8 -2.5 103 0 12.4 33.3 10.0 2.5 2 1 4 1 1
5770.6 6325.5 -7.1 5 0 17.0 26.6 10.0 2.5 2 1 4 5 5
5656.8 6422.2 -3.3 271 0 31.7 13.6 10.0 0.0 0 0 4 4 4
5780.2 6517.0 -8.1 213 0 11.4 34.2 12.5 2.5 2 1 5 4 4
5820.6 6387.5 -8.8 95 0 22.4 26.2 10.0 2.5 2 1 4 0 0
5966.9 6476.4 -9.3 171 0 8.9 33.1 7.5 2.5 2 1 3 5 5
6729.5 6280.1 -9.9 89 0 26.2 10.6 10.0 2.5 2 0 4 2 2
6749.8 6286.1 -9.9 179 0 10.5 27.8 7.5 2.5 2 1 3 4 4
6770.7 6296.1 -10.0 90 0 13.0 12.2 5.0 2.5 2 0 2 0 0
6809.7 6182.9 -3.9 89 0 8.3 26.0 5.0 2.5 2 1 2 1 1
6795.2 6179.9 -4.4 89 0 11.3 26.4 7.5 2.5 2 1 3 3 3
6665.4 6219.7 -8.3 210 0 11.1 7.2 7.5 2.5 2 0 3 4 4
6805.5 6283.2 -10.0 140 0 10.0 9.9 5.0 2.5 2 0 2 5 5
6814.0 6271.0 -9.5 143 0 8.8 11.3 7.5 2.5 2 1 3 3 3
6821.3 6263.1 -8.8 140 0 8.6 10.5 5.0 2.5 4 1 2 2 2
6850.1 6237.1 -6.9 131 0 8.4 10.1 5.0 2.5 4 1 2 1 1
6826.6 6194.4 -3.6 88 0 8.9 9.1 2.5 2.5 2 1 1 4 4
6670.3 6131.2 -9.0 359 0 5.9 11.9 5.0 2.5 2 1 2 3 3
6673.8 6141.8 -8.9 359 0 5.9 11.9 7.5 2.5 2 1 3 5 5
6669.1 6151.6 -8.7 359 0 5.9 11.9 5.0 0.0 0 1 2 3 3
6670.1 6161.8 -8.5 359 0 5.9 11.9 2.5 2.5 4 1 1 0 0
6663.6 6171.5 -8.3 356 0 5.9 11.9 5.0 2.5 2 1 2 3 3
