-2020.3 3299.0 -0.6 49 0 21.9 17.5 5.0 2.5 2 0 2 0 0
-1806.4 3073.5 -4.8 91 0 13.9 38.3 12.5 2.5 2 1 5 2 2
-2291.2 3276.1 -3.3 290 0 6.8 10.3 5.0 2.5 2 1 2 2 2
-1793.0 3174.0 0.6 182 0 8.1 17.5 7.5 0.0 0 0 3 1 1
-2197.5 3332.4 2.5 24 0 5.6 12.0 7.5 2.5 2 1 3 1 1
-1969.8 3196.4 -0.8 299 0 5.8 10.6 2.5 2.5 2 1 1 2 2
-2179.2 3260.2 -1.4 273 0 5.4 10.6 7.5 2.5 2 1 3 3 3
-2164.1 3258.8 -1.5 274 0 5.7 10.6 5.0 2.5 2 1 2 1 1
-2109.9 3250.8 -2.8 290 0 5.5 10.5 5.0 2.5 2 1 2 1 1
-1937.5 3175.4 0.1 302 0 5.9 10.7 7.5 0.0 0 1 3 1 1
-1890.6 3152.6 0.3 286 0 5.4 10.6 5.0 2.5 2 1 2 1 1
-1983.2 3203.9 -1.0 296 0 6.1 10.5 5.0 2.5 2 1 2 0 0
-1964.1 3190.1 -0.6 300 0 5.8 10.2 7.5 2.5 2 1 3 2 2
-2103.9 3245.6 -2.8 290 0 5.9 11.0 7.5 2.5 2 1 3 0 0
-2208.6 3263.5 -1.4 277 0 6.0 10.8 7.5 2.5 2 1 3 4 4
-1977.5 3197.1 -1.1 298 0 6.1 10.8 7.5 2.5 2 1 3 4 4
-2081.0 3242.0 -2.1 290 0 6.3 11.0 5.0 2.5 2 1 2 5 5
-2038.5 3227.5 -1.2 291 0 6.1 10.7 7.5 2.5 2 1 3 4 4
-1950.5 3182.4 -0.2 302 0 6.1 9.7 7.5 2.5 2 1 3 0 0
-1904.1 3157.9 -0.1 298 0 5.7 10.7 5.0 2.5 2 1 2 5 5
-1961.1 3315.9 -1.5 18 0 20.4 8.4 7.5 2.5 2 0 3 2 2
-2074.9 3236.5 -2.0 289 0 6.2 11.5 5.0 0.0 0 1 2 4 4
-1942.7 3181.4 0.1 300 0 5.7 9.6 5.0 0.0 0 1 2 1 1
-1898.6 3151.6 0.1 291 0 6.1 10.3 2.5 2.5 2 1 1 4 4
-2046.4 3227.6 -1.5 291 0 6.6 10.9 7.5 2.5 2 1 3 3 3
-2095.8 3246.1 -2.5 288 0 5.9 10.6 7.5 2.5 2 1 3 1 1
-1924.6 3167.2 0.2 303 0 5.7 10.7 5.0 2.5 2 1 2 1 1
-2282.7 3276.9 -3.0 287 0 6.3 11.3 5.0 2.5 2 1 2 1 1
-1862.3 3147.1 0.1 276 0 5.9 10.4 7.5 0.0 0 1 3 5 5
-2060.5 3232.2 -1.6 290 0 6.8 11.1 5.0 0.0 0 1 2 4 4
-2140.9 3257.8 -2.0 278 0 6.0 11.1 7.5 2.5 2 1 3 1 1
-1917.3 3165.4 0.1 301 0 5.9 10.2 5.0 2.5 4 1 2 5 5
-1869.9 3145.5 -0.1 279 0 5.7 10.9 5.0 0.0 0 1 2 3 3
-2018.7 3216.3 -1.3 294 0 6.3 11.4 5.0 2.5 2 1 2 0 0
-2052.2 3232.9 -1.4 291 0 5.8 11.1 5.0 2.5 2 1 2 3 3
-1795.3 3188.1 -0.1 182 0 19.8 21.6 10.0 2.5 2 0 4 2 2
-1683.7 3283.6 -1.5 212 0 13.7 17.2 2.5 0.0 0 1 1 5 5
-1642.6 3263.8 -1.5 92 0 13.6 27.2 10.0 2.5 2 1 4 5 5
-1808.9 3283.6 -0.6 181 0 14.3 24.6 12.5 2.5 2 1 5 1 1
-1760.2 3300.4 -0.9 93 0 11.1 32.0 10.0 2.5 2 1 4 3 3
-1700.6 3260.1 -1.5 93 0 10.5 27.5 7.5 2.5 2 1 3 4 4
-1798.3 3315.9 -0.7 186 0 28.1 18.1 10.0 2.5 2 0 4 2 2
-1743.4 3263.3 -1.1 95 0 11.1 27.0 7.5 0.0 0 1 3 5 5
-1766.8 3274.3 -0.9 93 0 26.3 13.3 10.0 2.5 2 0 4 3 3
-1446.6 3259.1 1.0 143 0 5.9 11.0 2.5 2.5 2 1 1 1 1
-1628.4 3407.1 -1.7 99 0 6.1 11.3 2.5 2.5 2 1 1 4 4
-1352.0 3109.3 -2.4 269 0 5.6 11.6 7.5 2.5 2 1 3 1 1
-1499.8 3125.9 -1.5 260 0 20.8 11.5 5.0 2.5 4 0 2 2 2
-1561.7 3117.2 -2.2 181 0 12.1 19.7 7.5 2.5 2 1 3 3 3
-1424.5 3237.2 1.5 242 0 11.1 5.6 5.0 2.5 2 0 2 1 1
-1457.5 3278.7 0.5 142 0 6.3 11.0 5.0 2.5 4 1 2 2 2
-1620.0 3408.7 -1.6 105 0 5.9 10.5 7.5 2.5 4 1 3 5 5
-1448.7 3267.1 0.8 144 0 5.5 9.7 5.0 2.5 2 1 2 4 4
-1359.7 3112.5 -2.1 269 0 5.7 11.5 5.0 0.0 0 1 2 3 3
-1635.1 3411.1 -1.7 99 0 5.2 11.0 7.5 2.5 2 1 3 3 3
-1390.8 3112.6 -1.6 266 0 6.9 11.4 2.5 2.5 2 1 1 2 2
-1424.2 3223.9 1.4 158 0 6.2 11.2 7.5 2.5 2 1 3 3 3
-1371.6 3139.2 -1.1 144 0 6.3 11.2 2.5 2.5 2 1 1 4 4
-1599.8 3398.6 -1.3 113 0 5.4 10.2 7.5 2.5 2 1 3 4 4
-1642.9 3409.3 -1.8 101 0 5.1 11.0 5.0 2.5 2 1 2 3 3
-1572.8 3386.1 -1.1 116 0 5.4 10.1 5.0 2.5 2 1 2 1 1
-1513.6 3328.4 -1.1 122 0 6.0 10.7 5.0 2.5 2 1 2 1 1
-1431.9 3246.7 1.3 62 0 10.6 6.5 2.5 2.5 2 0 1 4 4
-1446.3 3133.6 0.4 263 0 20.7 11.6 2.5 2.5 4 0 1 1 1
-1489.0 3310.8 -0.7 128 0 5.6 10.6 7.5 2.5 2 1 3 2 2
-1417.6 3210.1 1.3 157 0 6.0 10.4 7.5 2.5 2 1 3 0 0
-1586.0 3392.2 -1.2 116 0 5.4 10.5 7.5 2.5 2 1 3 5 5
-1382.0 3159.9 -0.3 147 0 5.4 10.7 5.0 2.5 4 1 2 3 3
-1496.9 3313.3 -0.8 128 0 5.9 10.3 5.0 2.5 2 1 2 2 2
-1525.1 3111.8 -2.3 88 0 20.1 12.3 5.0 2.5 2 0 2 4 4
-1397.2 3176.6 0.5 144 0 6.0 10.9 5.0 0.0 0 1 2 0 0
-1485.4 3303.5 -0.4 129 0 5.8 10.8 7.5 2.5 2 1 3 5 5
-1472.2 3129.6 -0.6 263 0 21.0 11.7 2.5 2.5 4 0 1 4 4
-1419.7 3136.2 -0.3 261 0 21.2 11.2 5.0 2.5 2 0 2 0 0
-194.4 2855.2 -2.5 114 0 9.4 14.3 5.0 2.5 2 1 2 2 2
-237.2 2830.7 -2.1 22 0 9.6 9.5 7.5 2.5 2 0 3 0 0
-299.7 2878.9 -1.3 23 0 8.4 12.7 5.0 2.5 2 1 2 1 1
-400.9 2972.1 -2.1 296 0 7.0 24.4 7.5 2.5 2 1 3 2 2
-386.9 2968.1 -2.2 295 0 7.9 28.2 5.0 2.5 2 1 2 3 3
-166.5 2840.9 -1.9 114 0 5.0 11.3 2.5 2.5 2 1 1 4 4
-268.0 2842.7 -1.7 24 0 7.3 7.8 5.0 2.5 2 1 2 1 1
-886.5 2957.6 -1.1 191 0 14.0 4.4 5.0 2.5 2 0 2 3 3
-847.6 2956.1 -0.2 17 0 10.7 16.2 10.0 2.5 2 1 4 0 0
-786.6 2987.7 0.2 15 0 15.0 10.5 5.0 2.5 4 0 2 1 1
-787.3 2917.4 -1.4 7 0 8.0 6.9 7.5 2.5 2 0 3 3 3
-772.8 2935.2 -1.4 8 0 7.3 11.0 5.0 2.5 2 1 2 2 2
-781.9 2971.3 -0.8 184 0 11.3 10.3 5.0 2.5 2 0 2 0 0
-763.9 2933.5 -1.7 281 0 7.7 7.5 5.0 2.5 2 0 2 3 3
-747.7 2945.6 -1.7 13 0 8.1 11.5 2.5 2.5 2 1 1 0 0
-739.7 2971.2 -1.7 187 0 25.0 13.5 10.0 2.5 2 0 4 3 3
-732.2 2994.2 -1.1 210 0 9.4 6.2 5.0 2.5 2 0 2 4 4
-711.9 2952.5 -2.2 275 0 9.8 8.2 5.0 2.5 2 0 2 2 2
-719.1 2959.7 -1.8 26 0 10.2 10.9 5.0 2.5 2 0 2 1 1
-700.1 2968.3 -1.8 10 0 7.0 10.4 5.0 2.5 4 1 2 3 3
-700.7 2984.0 -1.6 9 0 15.9 17.6 7.5 2.5 4 1 3 0 0
-662.2 3007.0 -1.2 17 0 10.8 6.8 7.5 2.5 2 0 3 2 2
-279.6 2748.9 -1.8 113 0 6.1 11.0 5.0 2.5 4 1 2 1 1
-294.6 2778.3 -1.5 22 0 10.6 8.8 5.0 2.5 2 0 2 0 0
-313.9 2768.4 -1.4 115 0 12.6 9.5 5.0 2.5 2 0 2 2 2
-270.2 2791.0 -1.8 114 0 10.9 9.2 5.0 2.5 2 0 2 0 0
-267.0 2804.5 -1.9 204 0 8.7 8.0 7.5 2.5 4 0 3 5 5
-294.9 2870.1 -1.5 204 0 6.6 11.3 2.5 2.5 4 1 1 5 5
-317.8 2861.0 -1.1 24 0 6.4 10.2 5.0 2.5 2 1 2 2 2
-350.1 2848.2 -0.8 293 0 9.2 15.3 7.5 2.5 2 1 3 1 1
-364.0 2818.4 -0.6 291 0 8.2 9.6 7.5 2.5 4 1 3 1 1
-343.3 2795.8 -0.8 24 0 9.6 11.5 2.5 0.0 0 1 1 0 0
-351.0 2782.9 -0.8 114 0 6.1 8.4 2.5 2.5 4 1 1 2 2
-326.6 2894.3 -1.0 293 0 4.7 15.2 2.5 2.5 2 1 1 3 3
-381.1 2835.6 -0.5 111 0 8.1 6.9 7.5 0.0 0 0 3 5 5
-419.0 2814.9 -0.2 110 0 10.8 11.3 5.0 2.5 2 1 2 1 1
-435.0 2845.3 -0.2 24 0 20.5 11.4 7.5 0.0 0 0 3 5 5
-472.2 2842.9 -0.2 115 0 10.7 34.8 12.5 2.5 2 1 5 3 3
-490.7 2985.4 -0.5 25 0 15.1 14.8 5.0 2.5 2 0 2 3 3
-372.5 2871.3 -0.6 112 0 9.4 7.9 7.5 2.5 2 0 3 4 4
-504.5 2941.8 -0.2 202 0 10.5 13.0 5.0 2.5 2 0 2 0 0
-507.7 2952.9 -0.3 26 0 18.1 12.4 5.0 2.5 2 0 2 0 0
-501.2 2950.2 -0.1 201 0 7.7 9.6 7.5 2.5 4 0 3 0 0
-519.4 2906.2 -0.4 204 0 14.9 14.8 5.0 2.5 2 0 2 2 2
-526.9 2911.7 -0.6 22 0 14.2 14.5 7.5 2.5 2 1 3 1 1
-550.9 2904.0 -0.6 114 0 11.4 6.0 2.5 2.5 2 0 1 1 1
-547.7 2865.7 -0.7 24 0 9.2 6.5 5.0 2.5 2 0 2 4 4
-542.4 2881.5 -0.5 297 0 5.4 11.0 7.5 2.5 2 1 3 5 5
-565.1 2965.7 -0.7 203 0 19.9 7.5 7.5 2.5 2 0 3 4 4
-556.4 2949.9 -0.6 112 0 10.4 19.9 10.0 2.5 2 1 4 4 4
-579.9 2935.3 -1.2 202 0 11.4 11.7 5.0 2.5 2 1 2 3 3
-595.6 2901.8 -1.5 204 0 12.2 10.5 10.0 2.5 2 0 4 0 0
-598.6 2880.1 -1.6 115 0 10.2 12.5 5.0 0.0 0 1 2 2 2
-601.7 2919.9 -2.0 30 0 16.1 14.6 5.0 2.5 2 0 2 1 1
-606.7 2963.2 -1.6 201 0 11.7 9.7 7.5 2.5 2 0 3 2 2
-630.1 2909.1 -2.2 204 0 18.9 9.2 2.5 2.5 2 0 1 0 0
-626.9 2935.3 -2.4 25 0 16.9 9.2 5.0 2.5 2 0 2 0 0
-550.0 2879.5 -0.6 21 0 7.8 6.9 7.5 2.5 2 0 3 1 1
-667.6 2898.4 -2.6 195 0 10.0 9.0 5.0 0.0 0 0 2 3 3
-653.6 2923.8 -2.5 199 0 5.6 9.1 5.0 2.5 2 1 2 5 5
-641.8 2979.5 -2.0 189 0 7.0 10.0 5.0 2.5 2 1 2 4 4
-655.6 2977.5 -2.1 25 0 11.4 5.3 5.0 0.0 0 0 2 3 3
-659.5 2969.1 -2.3 25 0 7.0 7.8 5.0 2.5 2 0 2 0 0
-679.5 2953.4 -2.5 208 0 7.5 7.6 7.5 2.5 2 0 3 0 0
-667.1 2923.4 -2.6 17 0 11.3 13.8 5.0 2.5 2 1 2 3 3
-677.7 2896.1 -2.6 108 0 4.6 11.2 7.5 2.5 2 1 3 4 4
-694.7 2942.6 -2.4 22 0 9.2 7.9 2.5 2.5 2 0 1 4 4
