5365.6 6900.7 -1.3 40 0 10.7 9.5 5.0 2.5 2 0 2 4 4
227.6 -1460.5 -0.1 182 0 6.3 9.8 5.0 2.5 2 1 2 4 4
355.6 -1562.9 -0.5 24 0 5.3 8.3 2.5 2.5 2 1 1 4 4
374.5 -1504.7 0.8 2 0 14.6 22.8 7.5 2.5 2 1 3 1 1
320.9 -1553.2 -0.0 281 0 5.9 9.2 5.0 2.5 2 1 2 2 2
223.5 -1567.4 -1.5 151 0 6.2 9.6 5.0 2.5 4 1 2 2 2
217.7 -1552.4 -1.5 167 0 6.7 10.2 5.0 0.0 0 1 2 2 2
250.1 -1603.7 -0.5 118 0 5.9 9.1 5.0 0.0 0 1 2 3 3
243.3 -1552.8 -1.1 334 0 6.3 9.6 2.5 0.0 0 1 1 3 3
241.2 -1518.7 -0.2 360 0 6.5 9.9 5.0 0.0 0 1 2 2 2
245.6 -1539.0 -0.7 333 0 6.7 10.1 5.0 0.0 0 1 2 5 5
331.0 -1487.7 1.8 347 0 23.3 12.3 7.5 2.5 2 0 3 4 4
684.7 -2405.3 0.5 206 0 7.1 8.2 5.0 2.5 2 1 2 0 0
644.1 -2421.1 -1.2 103 0 11.2 18.6 7.5 2.5 4 1 3 5 5
320.9 -1539.7 0.6 121 0 8.2 6.3 7.5 2.5 2 0 3 5 5
591.0 -2382.1 -2.1 200 0 7.4 7.5 7.5 0.0 0 1 3 2 2
605.0 -2338.3 -1.1 47 0 6.3 9.9 2.5 2.5 4 1 1 0 0
308.6 -1481.5 1.7 256 0 11.5 29.4 12.5 2.5 4 1 5 2 2
270.5 -1491.5 2.0 252 0 11.7 11.7 5.0 2.5 2 1 2 0 0
365.0 -1533.2 0.3 16 0 8.7 9.9 5.0 2.5 2 1 2 4 4
617.2 -2363.7 -1.3 272 0 7.9 20.8 2.5 2.5 2 1 1 5 5
689.5 -2391.8 1.0 208 0 6.2 8.3 7.5 2.5 2 1 3 3 3
664.1 -2355.6 -0.0 339 0 7.0 32.4 7.5 2.5 2 1 3 2 2
694.2 -2385.7 1.4 203 0 6.5 8.7 5.0 2.5 2 1 2 2 2
656.4 -2385.5 -0.9 345 0 13.1 27.1 12.5 2.5 4 1 5 5 5
720.1 -2321.9 -2.6 321 0 10.9 19.9 5.0 2.5 2 1 2 5 5
318.0 -1464.4 1.8 75 0 16.5 13.7 7.5 2.5 2 0 3 4 4
596.7 -2348.1 -1.5 38 0 5.6 10.1 5.0 2.5 2 1 2 1 1
609.6 -2334.5 -0.9 54 0 5.5 10.7 5.0 2.5 2 1 2 2 2
258.0 -1519.8 0.9 161 0 23.4 12.9 10.0 2.5 4 0 4 0 0
304.0 -1526.3 1.3 74 0 8.2 7.9 2.5 2.5 2 0 1 4 4
636.4 -2437.0 -1.6 268 0 25.1 13.0 10.0 2.5 2 0 4 5 5
702.9 -2366.7 1.8 189 0 7.0 9.6 5.0 2.5 2 1 2 1 1
574.1 -2392.5 -2.4 15 0 6.0 9.5 7.5 2.5 4 1 3 2 2
671.7 -2389.5 0.5 28 0 8.8 7.9 7.5 2.5 2 0 3 2 2
677.1 -2303.9 1.1 280 0 10.5 11.4 5.0 2.5 2 1 2 5 5
295.9 -1535.2 1.1 72 0 12.3 10.2 7.5 2.5 2 0 3 5 5
274.0 -1521.2 1.5 165 0 14.1 20.0 7.5 0.0 0 1 3 5 5
297.6 -1485.5 2.2 257 0 8.7 14.2 7.5 0.0 0 1 3 3 3
600.6 -2343.2 -1.3 38 0 6.9 9.9 2.5 0.0 0 1 1 1 1
675.8 -2328.6 1.7 18 0 21.1 11.2 5.0 0.0 0 0 2 4 4
295.5 -1433.7 1.1 82 0 7.2 9.4 5.0 2.5 2 1 2 5 5
252.8 -1471.1 1.0 20 0 6.6 8.6 5.0 2.5 2 1 2 0 0
310.3 -1436.2 1.2 97 0 6.9 9.1 5.0 2.5 4 1 2 2 2
331.3 -1441.8 1.2 134 0 6.6 8.6 5.0 2.5 2 1 2 4 4
266.2 -1452.4 1.3 65 0 7.0 9.9 5.0 2.5 2 1 2 3 3
278.1 -1443.1 1.4 20 0 6.6 9.2 5.0 2.5 2 1 2 5 5
293.3 -1559.9 0.1 244 0 5.6 7.9 2.5 2.5 4 1 1 2 2
231.0 -1490.8 -0.2 77 0 6.1 8.9 5.0 2.5 2 1 2 1 1
279.3 -1566.9 -0.0 237 0 5.4 7.8 5.0 2.5 4 1 2 5 5
342.9 -1562.3 -0.3 47 0 5.5 8.0 5.0 2.5 4 1 2 5 5
230.0 -1446.1 -0.1 209 0 6.7 9.6 5.0 2.5 2 1 2 5 5
282.3 -1594.5 -0.0 81 0 6.2 9.0 5.0 2.5 2 1 2 5 5
227.6 -1582.9 -1.4 151 0 6.8 9.7 5.0 0.0 0 1 2 4 4
4773.0 6016.9 -3.2 135 0 12.6 66.3 7.5 2.5 2 1 3 0 0
4855.9 5803.8 -3.7 156 0 11.3 17.1 7.5 2.5 4 1 3 5 5
4825.5 5776.4 -4.5 194 0 30.1 14.8 7.5 2.5 2 0 3 5 5
3057.0 -1209.8 -0.6 83 0 11.2 11.7 5.0 2.5 2 1 2 3 3
3054.2 -1075.2 0.1 55 0 6.2 13.3 5.0 2.5 2 1 2 4 4
3049.6 -1085.5 0.1 53 0 6.2 13.3 5.0 2.5 2 1 2 2 2
3001.6 -1099.3 -0.8 359 0 6.2 13.3 5.0 2.5 2 1 2 0 0
2993.4 -1130.1 -1.0 21 0 6.2 13.3 5.0 2.5 2 1 2 2 2
3010.2 -1110.4 -0.5 357 0 6.2 13.3 2.5 2.5 2 1 1 2 2
3121.9 -1086.9 1.3 103 0 6.2 13.3 2.5 2.5 4 1 1 1 1
3107.0 -1080.1 1.0 111 0 6.2 13.3 7.5 2.5 2 1 3 1 1
3100.2 -1077.1 1.0 111 0 6.2 13.3 7.5 2.5 2 1 3 2 2
3085.5 -1070.5 0.6 103 0 6.2 13.3 7.5 2.5 2 1 3 3 3
3074.9 -1069.9 0.5 103 0 6.2 13.3 5.0 2.5 4 1 2 1 1
3160.2 -1112.6 2.1 103 0 6.2 13.3 5.0 2.5 2 1 2 1 1
3151.3 -1110.0 2.0 104 0 6.2 13.3 5.0 2.5 2 1 2 1 1
3143.9 -1105.2 1.8 111 0 6.2 13.3 2.5 2.5 2 1 1 1 1
3132.0 -1091.5 1.4 118 0 6.2 13.3 2.5 2.5 2 1 1 0 0
2989.0 -1175.2 -2.6 2 0 6.2 13.3 7.5 2.5 2 1 3 2 2
2994.6 -1190.4 -2.7 2 0 6.2 13.3 7.5 2.5 2 1 3 0 0
2994.1 -1198.5 -2.8 2 0 6.2 13.3 5.0 2.5 2 1 2 4 4
2993.9 -1205.7 -2.9 2 0 6.2 13.3 5.0 2.5 2 1 2 4 4
3010.6 -1247.1 -1.8 261 0 6.2 13.3 5.0 2.5 2 1 2 5 5
3018.9 -1242.1 -1.5 267 0 6.2 13.3 5.0 2.5 2 1 2 4 4
3026.0 -1238.5 -1.2 267 0 6.2 13.3 5.0 2.5 2 1 2 0 0
3034.3 -1230.4 -1.0 271 0 6.2 13.3 5.0 2.5 2 1 2 5 5
3123.3 -1118.2 1.4 17 0 13.2 23.7 7.5 0.0 0 1 3 2 2
3045.8 -1131.9 0.2 224 0 9.0 17.4 5.0 2.5 2 0 2 4 4
3066.5 -1185.3 -0.2 55 0 14.3 15.5 2.5 2.5 2 1 1 1 1
3004.2 -1201.2 -2.0 200 0 6.3 11.0 5.0 2.5 2 1 2 4 4
3006.8 -1194.0 -1.7 200 0 6.3 11.0 7.5 2.5 2 1 3 3 3
3092.0 -1169.4 0.3 92 0 10.6 6.8 5.0 2.5 2 0 2 1 1
3111.7 -1145.7 1.0 340 0 10.6 6.8 7.5 2.5 4 0 3 1 1
3070.9 -1097.7 0.7 257 0 9.8 14.8 2.5 2.5 2 1 1 1 1
3097.5 -1109.9 0.7 339 0 9.3 32.7 7.5 2.5 2 0 3 5 5
3022.3 -1164.7 -0.6 204 0 11.1 24.3 7.5 2.5 2 0 3 4 4
3028.8 -1196.3 -1.0 114 0 11.5 20.8 10.0 2.5 2 0 4 1 1
3015.1 -1180.6 -1.4 204 0 20.4 13.1 7.5 2.5 4 0 3 5 5
3111.3 -1122.4 1.0 314 0 14.6 16.6 2.5 2.5 4 0 1 3 3
3147.9 -1154.2 1.3 138 0 13.1 21.6 7.5 2.5 2 1 3 0 0
3099.2 -1133.8 0.3 314 0 13.2 34.8 7.5 2.5 2 0 3 3 3
3137.0 -1170.8 0.9 35 0 7.3 16.8 7.5 2.5 2 1 3 2 2
4824.5 5817.6 -3.0 358 0 7.0 30.9 5.0 2.5 2 1 2 5 5
4812.3 6195.7 -8.7 284 0 19.9 16.4 12.5 0.0 0 0 5 5 5
4927.3 5954.8 -1.2 284 0 10.0 10.2 10.0 0.0 0 1 4 1 1
4864.5 5842.8 -2.6 94 0 19.3 22.9 10.0 2.5 2 1 4 3 3
4886.9 5873.4 -1.9 331 0 13.1 12.8 5.0 2.5 2 0 2 4 4
4741.7 5900.8 -4.0 227 0 28.9 12.2 7.5 2.5 2 0 3 2 2
4755.3 6002.1 -3.5 315 0 10.2 12.0 5.0 2.5 2 1 2 5 5
4751.1 5963.7 -3.8 49 0 12.5 30.8 10.0 0.0 0 1 4 3 3
4793.8 5995.1 -3.2 137 0 37.0 12.3 7.5 2.5 2 0 3 1 1
4810.5 6145.2 -4.8 298 0 11.7 20.0 10.0 0.0 0 1 4 4 4
4834.2 6135.4 -5.2 329 0 12.2 20.6 17.5 0.0 0 1 7 1 1
4844.2 6120.0 -3.1 311 0 11.3 19.2 7.5 0.0 0 1 3 2 2
4832.8 6050.1 -2.4 45 0 12.3 8.8 7.5 2.5 2 0 3 3 3
4839.2 6081.0 -2.4 317 0 15.1 22.4 7.5 2.5 2 1 3 1 1
4795.7 5787.2 -2.7 53 0 13.8 12.3 5.0 0.0 0 0 2 2 2
4769.7 5782.3 -2.5 61 0 14.7 11.1 5.0 0.0 0 0 2 5 5
4681.1 5809.6 -3.0 100 0 15.1 12.5 2.5 0.0 0 0 1 4 4
4663.3 5838.0 -3.1 226 0 11.5 19.6 10.0 0.0 0 1 4 3 3
4716.9 5940.2 -4.0 49 0 12.0 9.4 7.5 2.5 2 0 3 3 3
4694.0 5929.1 -3.9 135 0 10.4 5.4 5.0 2.5 2 0 2 2 2
4690.7 5988.8 -3.6 229 0 11.0 20.8 10.0 2.5 4 1 4 3 3
4702.7 6038.2 -3.1 225 0 13.0 21.9 7.5 2.5 2 1 3 4 4
4728.3 6064.7 -2.7 134 0 14.3 29.8 7.5 2.5 2 1 3 4 4
4657.1 6191.9 -4.5 281 0 9.9 13.5 2.5 2.5 2 1 1 3 3
4640.9 6187.0 -4.2 283 0 11.8 10.4 7.5 0.0 0 0 3 1 1
4616.8 6116.2 -3.1 74 0 12.8 13.1 10.0 2.5 2 1 4 1 1
4598.4 6138.6 -3.6 253 0 11.2 11.6 7.5 2.5 2 1 3 4 4
4586.0 6104.0 -3.4 209 0 10.9 12.1 5.0 2.5 2 1 2 1 1
4585.4 6071.5 -4.2 359 0 9.2 18.7 7.5 0.0 0 1 3 2 2
5983.4 -6392.0 -10.7 129 0 13.1 24.8 7.5 2.5 2 1 3 0 0
5789.9 -6424.2 -10.5 340 0 13.4 12.1 7.5 2.5 2 0 3 5 5
5781.4 -6395.1 -10.5 340 0 13.4 12.1 2.5 2.5 2 0 1 3 3
5777.2 -6380.4 -10.5 340 0 13.4 12.1 5.0 2.5 2 0 2 2 2
5770.5 -6364.5 -10.5 327 0 13.3 12.1 5.0 2.5 2 0 2 4 4
5763.1 -6351.2 -10.4 327 0 13.4 12.1 5.0 2.5 2 0 2 0 0
5732.1 -6322.8 -10.4 237 0 12.1 13.3 7.5 0.0 0 1 3 5 5
5901.3 -6411.1 -10.6 71 0 22.6 9.9 5.0 2.5 2 0 2 4 4
5879.9 -6460.9 -10.7 163 0 15.8 37.1 7.5 2.5 2 1 3 0 0
