1654.8 5462.7 2.6 358 0 15.4 22.2 5.0 2.5 2 1 2 2 2
1651.8 5332.8 0.1 267 0 23.3 22.7 10.0 2.5 2 0 4 1 1
1692.9 5321.1 -0.2 357 0 19.3 23.0 7.5 2.5 2 1 3 4 4
220.5 921.8 -4.2 15 0 76.2 10.3 7.5 0.0 0 0 3 3 3
251.8 967.3 -4.0 151 0 11.3 19.4 7.5 2.5 2 1 3 5 5
149.9 414.7 -5.2 279 0 20.6 24.7 10.0 2.5 2 1 4 2 2
238.7 920.4 -4.9 194 0 21.7 47.2 10.0 2.5 2 0 4 0 0
115.7 265.0 -5.2 190 0 21.3 12.9 7.5 2.5 2 0 3 3 3
140.7 322.8 -5.2 188 0 24.9 30.4 7.5 0.0 0 0 3 0 0
133.1 853.1 -4.9 195 0 12.9 36.8 12.5 2.5 2 1 5 1 1
175.0 411.3 -5.2 277 0 12.0 24.7 12.5 2.5 2 1 5 3 3
100.3 263.2 -5.2 10 0 8.1 49.2 7.5 2.5 2 1 3 4 4
205.1 793.4 -4.9 195 0 22.7 50.9 12.5 2.5 2 1 5 3 3
142.8 543.7 -4.1 8 0 61.1 52.1 10.0 0.0 0 0 4 4 4
134.5 884.1 -5.3 192 0 30.8 19.5 10.0 0.0 0 0 4 0 0
115.5 353.1 -5.2 9 0 16.9 63.3 10.0 0.0 0 1 4 3 3
178.1 415.6 -5.1 98 0 76.0 27.2 7.5 0.0 0 0 3 2 2
244.3 941.9 -4.1 195 0 22.3 47.5 10.0 2.5 2 0 4 5 5
185.8 796.9 -3.5 15 0 53.6 12.0 7.5 2.5 2 0 3 2 2
82.2 120.1 -5.2 9 0 21.2 45.3 7.5 2.5 2 1 3 1 1
106.9 411.7 -5.2 5 0 15.8 42.1 7.5 2.5 2 1 3 2 2
164.5 357.1 -5.2 279 0 67.0 25.0 7.5 0.0 0 0 3 1 1
210.8 252.7 -5.2 8 0 17.4 73.9 7.5 2.5 2 0 3 0 0
272.4 817.4 -5.1 15 0 20.5 22.5 17.5 0.0 0 1 7 4 4
146.4 465.0 -4.4 188 0 34.8 76.0 7.5 0.0 0 0 3 5 5
221.2 831.9 -3.4 195 0 15.7 20.1 10.0 2.5 2 1 4 0 0
234.6 903.7 -4.3 194 0 12.1 20.0 7.5 2.5 4 0 3 4 4
164.1 568.7 -4.7 188 0 31.8 74.5 10.0 0.0 0 1 4 4 4
119.8 291.1 -5.2 189 0 31.7 45.8 5.0 0.0 0 0 2 1 1
130.3 458.1 -5.2 8 0 70.7 26.1 10.0 0.0 0 0 4 2 2
74.8 170.3 -5.2 10 0 12.5 23.7 7.5 2.5 2 1 3 2 2
-2954.9 5330.4 -3.8 178 0 25.3 10.5 10.0 0.0 0 0 4 5 5
1881.5 5344.7 -6.4 8 0 5.6 9.8 5.0 2.5 2 1 2 5 5
1915.3 5536.1 -5.9 265 0 8.2 28.8 7.5 2.5 2 1 3 1 1
-2991.4 5334.1 -5.6 232 0 6.6 7.6 7.5 2.5 2 1 3 1 1
1816.8 5503.2 -2.1 194 0 19.1 11.7 5.0 0.0 0 0 2 0 0
1706.6 5426.0 0.7 140 0 15.5 18.2 10.0 2.5 2 1 4 1 1
1848.3 5398.3 -3.8 57 0 11.4 6.5 7.5 2.5 2 0 3 2 2
-4644.5 6255.2 -5.0 355 0 20.9 21.3 10.0 0.0 0 1 4 1 1
1831.2 5380.5 -3.9 56 0 32.8 11.1 10.0 2.5 2 0 4 1 1
1306.6 5330.2 -2.6 90 0 13.2 27.3 7.5 2.5 4 1 3 4 4
-4741.8 6400.9 -6.8 106 0 22.7 9.1 5.0 2.5 2 0 2 1 1
-3038.3 5284.7 -4.3 141 0 11.8 11.5 7.5 0.0 0 0 3 5 5
1834.7 5553.2 -1.3 193 0 14.7 25.0 10.0 2.5 4 1 4 0 0
1452.8 5537.7 -7.8 69 0 19.2 17.9 7.5 2.5 2 0 3 1 1
-4808.1 6453.6 -10.0 180 0 15.1 24.3 7.5 2.5 2 1 3 5 5
1854.0 5434.9 -3.9 313 0 17.1 24.2 12.5 2.5 2 1 5 3 3
1865.7 5424.6 -4.4 305 0 11.9 19.9 5.0 2.5 4 1 2 3 3
-4672.0 6318.5 -4.9 357 0 9.5 14.2 2.5 2.5 2 1 1 4 4
1885.7 5464.0 -5.3 197 0 29.8 22.6 12.5 0.0 0 0 5 4 4
1891.0 5440.2 -5.1 109 0 13.9 4.1 7.5 2.5 2 0 3 3 3
-4702.8 6383.2 -4.5 75 0 9.2 9.2 2.5 0.0 0 1 1 5 5
1826.5 5529.9 -1.7 192 0 26.0 13.4 15.0 0.0 0 0 6 4 4
1669.9 5507.6 1.2 277 0 17.7 11.8 5.0 2.5 2 0 2 5 5
1552.7 5014.5 -3.3 178 0 13.5 16.5 2.5 2.5 4 1 1 5 5
1460.7 5448.1 -1.0 179 0 35.3 18.3 7.5 0.0 0 0 3 4 4
1553.9 4986.3 -5.4 177 0 21.6 10.5 5.0 2.5 2 0 2 2 2
1462.9 5389.8 -0.2 178 0 33.4 14.9 7.5 2.5 2 0 3 5 5
1607.0 5372.5 1.5 88 0 34.2 39.0 12.5 0.0 0 1 5 2 2
1661.6 5357.5 0.5 179 0 20.1 15.5 7.5 2.5 2 0 3 1 1
1510.8 5302.7 0.4 267 0 18.0 10.5 2.5 0.0 0 0 1 3 3
1430.6 5344.6 -0.3 358 0 17.4 15.7 10.0 2.5 2 0 4 0 0
1405.2 5348.3 -0.7 266 0 7.5 15.4 5.0 2.5 2 1 2 3 3
1418.9 5411.1 -0.8 269 0 15.2 19.6 10.0 2.5 2 1 4 3 3
1439.9 5388.6 -0.5 178 0 37.1 12.0 10.0 2.5 4 0 4 5 5
1437.9 5436.3 -1.0 178 0 13.3 12.2 7.5 2.5 4 0 3 2 2
1784.5 5406.3 -2.3 163 0 9.2 15.5 5.0 0.0 0 1 2 2 2
1660.1 5287.0 -0.5 87 0 20.4 6.7 7.5 2.5 2 0 3 4 4
1733.6 5170.3 -1.4 33 0 20.5 22.8 7.5 2.5 2 1 3 0 0
783.4 1455.4 -3.4 336 0 31.7 15.6 10.0 2.5 2 0 4 2 2
849.7 1203.8 -5.0 339 0 38.0 22.1 10.0 0.0 0 0 4 4 4
287.4 1146.5 -2.7 67 0 43.6 12.8 7.5 2.5 2 0 3 0 0
593.6 1216.8 -5.0 69 0 20.0 30.1 12.5 0.0 0 1 5 2 2
946.7 1365.1 -4.5 359 0 8.1 11.6 2.5 2.5 2 1 1 3 3
52.6 91.7 -5.2 12 0 19.5 15.5 10.0 2.5 2 0 4 3 3
434.9 1208.3 -1.0 68 0 19.1 20.3 10.0 2.5 2 1 4 0 0
883.4 1356.6 -3.2 248 0 23.2 11.8 10.0 2.5 2 0 4 0 0
42.3 -167.4 -5.2 98 0 18.7 21.1 7.5 2.5 2 1 3 2 2
775.8 1118.7 -4.7 156 0 6.9 37.4 7.5 2.5 2 1 3 2 2
336.7 1373.9 -5.4 248 0 7.7 11.0 5.0 2.5 2 1 2 0 0
726.1 1529.9 -5.0 247 0 15.6 28.9 10.0 2.5 2 1 4 5 5
900.8 1394.2 -3.6 66 0 7.9 10.8 7.5 2.5 2 1 3 0 0
442.2 1268.8 -1.1 67 0 13.5 12.4 5.0 0.0 0 0 2 4 4
823.2 1362.8 -2.3 337 0 29.8 46.5 10.0 0.0 0 1 4 4 4
260.2 959.3 -4.0 194 0 12.7 14.3 5.0 2.5 2 1 2 4 4
486.7 1335.4 -1.4 334 0 20.7 30.8 10.0 0.0 0 1 4 3 3
745.2 1345.4 -2.3 159 0 29.6 14.8 7.5 2.5 2 0 3 3 3
705.3 1520.8 -4.7 247 0 30.0 28.9 10.0 0.0 0 0 4 4 4
95.2 324.3 -5.2 125 0 19.2 10.0 5.0 0.0 0 0 2 4 4
600.1 1315.6 -2.8 251 0 9.6 9.8 7.5 2.5 2 1 3 5 5
349.1 1267.8 0.2 67 0 27.1 12.4 10.0 2.5 2 0 4 0 0
818.6 1419.6 -2.8 68 0 19.0 14.7 10.0 2.5 2 0 4 3 3
658.4 1360.8 -3.0 68 0 19.6 11.7 5.0 2.5 2 0 2 4 4
697.4 1339.7 -2.9 247 0 32.0 23.3 7.5 0.0 0 0 3 5 5
583.0 1405.2 -2.9 66 0 16.9 15.2 7.5 2.5 2 0 3 1 1
85.1 -175.6 -5.2 188 0 14.9 19.3 10.0 2.5 2 1 4 2 2
267.4 1248.6 -0.3 157 0 6.2 10.6 5.0 2.5 2 1 2 4 4
654.9 1507.7 -4.2 249 0 13.0 12.0 7.5 0.0 0 0 3 3 3
723.5 1397.0 -2.2 157 0 29.4 15.6 7.5 2.5 4 0 3 4 4
752.1 1457.5 -2.9 247 0 7.9 13.7 7.5 2.5 2 1 3 1 1
811.7 1236.2 -5.0 160 0 35.7 22.4 10.0 0.0 0 0 4 0 0
766.1 1479.7 -4.3 67 0 15.5 21.3 7.5 2.5 2 1 3 3 3
841.1 1430.3 -3.6 69 0 8.9 29.2 7.5 2.5 4 1 3 0 0
553.9 1244.8 -4.8 249 0 31.2 28.4 7.5 0.0 0 0 3 2 2
382.2 1212.7 0.4 246 0 29.7 11.1 10.0 2.5 2 0 4 5 5
871.2 1509.7 -5.4 248 0 111.4 31.3 10.0 0.0 0 0 4 0 0
125.5 810.3 -4.9 194 0 10.1 8.8 5.0 2.5 2 0 2 4 4
199.4 848.3 -3.6 14 0 36.5 13.6 10.0 2.5 2 0 4 5 5
340.3 1088.5 -2.8 52 0 12.5 31.5 15.0 0.0 0 1 6 1 1
728.5 1429.2 -2.1 159 0 14.3 14.5 5.0 2.5 2 1 2 0 0
764.9 1398.7 -2.0 68 0 15.5 29.7 12.5 2.5 2 1 5 1 1
806.7 1182.7 -4.5 251 0 17.9 34.3 10.0 0.0 0 1 4 5 5
722.2 1461.9 -3.8 68 0 45.6 30.9 10.0 0.0 0 0 4 3 3
195.8 309.1 -5.2 11 0 13.8 14.3 10.0 2.5 2 1 4 3 3
787.4 1529.9 -5.3 245 0 15.5 7.4 2.5 2.5 4 0 1 4 4
491.9 1369.4 -1.8 62 0 12.1 9.4 5.0 2.5 2 0 2 4 4
954.1 1420.5 -5.1 337 0 9.5 30.5 7.5 2.5 2 1 3 4 4
417.7 1251.4 -0.7 249 0 19.2 15.1 5.0 2.5 2 0 2 1 1
862.4 1347.8 -2.6 246 0 15.9 15.4 10.0 2.5 2 0 4 2 2
407.0 1316.1 -1.2 248 0 15.6 12.8 5.0 2.5 2 0 2 2 2
783.5 1030.4 -5.3 166 0 15.8 13.3 5.0 2.5 4 0 2 2 2
451.6 1347.6 -2.1 68 0 25.1 20.0 7.5 2.5 2 0 3 3 3
320.1 1144.5 -1.5 247 0 12.3 25.4 7.5 2.5 2 1 3 3 3
402.8 1273.3 -1.0 157 0 15.6 25.4 7.5 2.5 2 1 3 2 2
76.3 -152.9 -5.2 20 0 9.5 8.5 5.0 2.5 2 0 2 5 5
434.5 1314.1 -1.4 339 0 27.1 16.2 7.5 2.5 2 0 3 4 4
500.2 1244.1 -2.9 67 0 31.5 14.2 7.5 2.5 2 0 3 0 0
384.4 1228.4 -0.2 68 0 31.6 26.1 10.0 0.0 0 0 4 5 5
793.4 1455.4 -4.0 157 0 22.2 32.4 12.5 0.0 0 1 5 5 5
687.0 1385.7 -2.6 70 0 23.5 11.7 7.5 2.5 2 0 3 2 2
720.9 1302.5 -3.4 67 0 56.6 10.6 12.5 2.5 2 0 5 0 0
611.9 1415.4 -3.2 66 0 15.3 19.3 7.5 2.5 2 1 3 2 2
640.3 1428.2 -2.6 67 0 15.2 18.1 7.5 2.5 2 1 3 0 0
773.5 1309.3 -4.4 249 0 24.3 33.3 10.0 0.0 0 1 4 4 4
208.2 875.9 -4.1 12 0 18.7 14.4 12.5 2.5 2 0 5 5 5
304.5 1137.8 -2.2 246 0 13.5 24.9 7.5 2.5 2 1 3 3 3
217.4 326.4 -5.2 8 0 5.0 19.2 5.0 2.5 4 1 2 2 2
831.7 1424.7 -3.3 70 0 9.1 29.8 7.5 2.5 2 1 3 2 2
159.3 135.9 -5.2 96 0 13.2 17.6 2.5 2.5 4 1 1 5 5
361.3 1177.6 0.6 66 0 12.9 25.9 10.0 2.5 2 1 4 5 5
900.4 1537.2 -5.5 65 0 31.0 55.9 12.5 0.0 0 1 5 4 4
407.2 1182.3 -3.0 246 0 22.6 12.4 12.5 2.5 2 0 5 1 1
787.1 1250.8 -4.9 157 0 7.8 10.8 7.5 0.0 0 1 3 2 2
896.8 1170.2 -5.1 336 0 8.9 26.3 5.0 0.0 0 1 2 0 0
355.9 1096.2 -1.8 52 0 11.9 11.7 5.0 2.5 2 0 2 4 4
751.2 1473.5 -4.2 68 0 16.7 30.9 12.5 2.5 2 0 5 5 5
798.8 1505.0 -4.9 69 0 10.1 14.2 5.0 2.5 2 1 2 1 1
574.4 1424.6 -3.3 64 0 15.7 7.2 7.5 2.5 2 0 3 2 2
104.6 188.8 -5.2 187 0 30.6 21.8 7.5 0.0 0 0 3 2 2
399.9 1164.6 -3.4 244 0 16.2 9.5 7.5 2.5 2 0 3 5 5
871.4 1314.9 -3.2 158 0 13.3 27.1 10.0 2.5 2 1 4 5 5
474.1 1174.4 -4.9 69 0 7.0 14.0 2.5 2.5 2 1 1 5 5
919.9 1358.3 -4.0 245 0 21.5 14.5 10.0 0.0 0 0 4 3 3
391.0 1287.4 -1.1 158 0 11.8 31.5 10.0 2.5 2 1 4 1 1
472.9 1208.0 -4.6 247 0 13.4 24.1 7.5 2.5 2 1 3 4 4
860.9 1360.0 -2.6 69 0 13.9 26.3 7.5 2.5 2 1 3 5 5
34.0 -85.4 -5.2 95 0 9.5 8.7 2.5 2.5 2 0 1 0 0
21.4 -139.4 -5.2 185 0 10.6 13.6 5.0 0.0 0 1 2 2 2
763.0 1106.7 -5.0 157 0 5.4 14.6 5.0 2.5 2 1 2 4 4
794.5 1264.5 -4.5 155 0 14.1 16.8 5.0 2.5 2 1 2 3 3
501.9 1279.2 -2.2 340 0 19.4 11.6 5.0 2.5 2 0 2 5 5
337.5 1181.7 -0.5 338 0 24.9 33.9 12.5 0.0 0 1 5 2 2
70.9 -106.7 -5.2 278 0 14.7 24.2 12.5 2.5 4 1 5 1 1
245.1 998.3 -4.9 17 0 11.9 20.7 2.5 2.5 2 1 1 5 5
739.3 1368.5 -2.2 159 0 14.8 34.8 10.0 2.5 2 1 4 5 5
755.8 1062.7 -4.8 174 0 11.3 33.7 7.5 2.5 2 1 3 5 5
889.5 1185.8 -5.0 343 0 8.2 21.2 5.0 2.5 4 1 2 5 5
525.2 1317.1 -1.2 208 0 12.3 18.4 5.0 2.5 4 1 2 4 4
323.5 1243.9 1.3 68 0 18.0 19.1 7.5 2.5 2 1 3 0 0
754.8 1525.1 -5.3 336 0 30.2 14.6 15.0 0.0 0 0 6 5 5
116.4 165.2 -5.2 188 0 12.0 29.5 7.5 2.5 2 1 3 5 5
370.8 1166.9 -0.9 246 0 21.4 13.7 10.0 2.5 2 0 4 3 3
959.1 1562.1 -5.5 64 0 24.4 50.0 10.0 2.5 2 1 4 4 4
911.9 1331.0 -3.4 247 0 30.6 17.6 10.0 2.5 4 0 4 2 2
571.7 1431.5 -4.2 66 0 15.5 32.9 12.5 2.5 2 1 5 0 0
291.6 975.7 -4.4 283 0 14.7 28.8 10.0 2.5 2 1 4 2 2
780.1 1393.6 -1.9 249 0 24.5 14.9 12.5 2.5 2 0 5 2 2
645.2 1496.2 -3.6 248 0 11.1 30.2 12.5 2.5 2 1 5 1 1
887.4 1201.0 -4.3 337 0 10.8 8.6 7.5 2.5 2 0 3 1 1
854.0 1264.4 -3.9 338 0 42.9 11.6 10.0 0.0 0 0 4 2 2
136.6 499.8 -3.8 9 0 13.6 31.6 7.5 2.5 2 1 3 3 3
779.1 1404.2 -2.2 70 0 15.0 24.7 7.5 2.5 2 1 3 1 1
852.3 1316.7 -3.0 161 0 17.6 13.1 5.0 2.5 2 0 2 1 1
464.0 1204.2 -3.3 248 0 5.9 12.8 2.5 2.5 2 1 1 1 1
864.7 1428.4 -3.4 247 0 26.8 44.1 12.5 0.0 0 1 5 1 1
51.2 -144.3 -5.2 95 0 11.3 7.9 7.5 0.0 0 0 3 0 0
654.9 1454.8 -2.5 67 0 20.1 10.5 7.5 2.5 2 0 3 2 2
543.1 1409.9 -2.9 157 0 12.4 24.3 7.5 2.5 2 1 3 0 0
1703.8 5126.0 -2.5 88 0 8.7 13.6 7.5 2.5 2 1 3 4 4
1687.1 5147.5 -2.2 268 0 8.0 9.7 5.0 2.5 2 1 2 4 4
1650.7 5110.7 -2.8 271 0 6.1 14.6 7.5 2.5 2 1 3 5 5
1551.4 5123.0 -2.3 180 0 4.2 13.2 2.5 2.5 2 1 1 4 4
1577.0 5108.7 -2.3 358 0 8.0 8.9 7.5 2.5 2 1 3 0 0
1675.7 5251.0 -0.8 180 0 8.5 14.9 5.0 2.5 2 1 2 5 5
1718.5 5210.5 -1.1 90 0 7.8 10.2 7.5 2.5 2 1 3 2 2
1698.0 5158.1 -1.6 86 0 12.2 8.4 2.5 2.5 2 0 1 4 4
313.0 1329.1 -5.3 217 0 8.5 14.7 4.0 0.0 0 1 1 1 1
296.9 1301.9 -0.8 246 0 11.1 39.0 10.0 2.5 2 1 4 4 4
