-4120.5 6122.4 -4.8 270 0 27.5 23.6 12.5 0.0 0 0 5 2 2
6120.7 -2377.3 -8.9 359 0 10.3 16.4 7.5 2.5 2 1 3 5 5
6049.0 -2445.0 -4.3 2 0 8.9 29.1 7.5 2.5 2 1 3 2 2
5998.1 -2440.3 -5.5 272 0 12.4 25.2 7.5 2.5 2 1 3 3 3
6009.7 -2429.7 -4.8 182 0 8.5 29.7 7.5 2.5 4 1 3 1 1
5950.3 -2471.4 -6.6 183 0 11.0 18.7 7.5 0.0 0 1 3 2 2
6128.9 -2427.2 -8.7 356 0 23.5 17.6 12.5 2.5 2 0 5 4 4
6010.7 -2478.9 -4.9 92 0 12.5 38.2 7.5 2.5 4 1 3 4 4
6039.4 -2516.8 -5.4 97 0 8.7 10.3 7.5 2.5 2 1 3 0 0
6036.6 -2404.1 -4.7 269 0 33.9 13.0 12.5 0.0 0 0 5 2 2
5970.0 -2377.6 -7.2 181 0 12.2 12.7 7.5 2.5 4 1 3 1 1
6121.4 -2404.7 -7.7 357 0 13.0 20.1 12.5 2.5 2 1 5 3 3
-4171.0 6287.6 -2.9 71 0 5.6 10.0 7.5 2.5 4 1 3 0 0
-4163.7 6289.8 -2.9 72 0 6.4 9.8 5.0 2.5 2 1 2 2 2
3223.2 -1044.6 -3.0 91 0 8.3 10.2 2.5 2.5 2 1 1 3 3
3310.5 -1053.4 -3.3 91 0 8.3 10.2 5.0 2.5 2 1 2 1 1
3296.6 -1052.9 -3.3 91 0 8.3 10.2 5.0 2.5 2 1 2 1 1
3249.4 -1045.7 -3.1 91 0 8.3 10.2 5.0 2.5 2 1 2 0 0
3211.7 -1043.6 -2.9 91 0 8.3 10.2 5.0 2.5 2 1 2 0 0
3273.2 -1050.5 -3.2 91 0 8.3 10.2 5.0 2.5 2 1 2 2 2
3236.7 -1044.3 -3.0 91 0 8.3 10.2 2.5 2.5 2 1 1 3 3
3323.6 -1065.5 -5.5 181 0 44.0 9.5 7.5 2.5 2 0 3 4 4
2893.6 -975.5 -0.8 91 0 15.8 10.7 10.0 2.5 4 0 4 3 3
3325.1 -980.9 -6.0 277 0 11.3 21.9 5.0 2.5 2 1 2 1 1
3190.1 -869.3 -4.8 265 0 8.9 11.9 7.5 2.5 4 1 3 1 1
-727.5 3222.1 -5.8 250 0 11.3 16.1 5.0 2.5 2 1 2 2 2
3102.2 -1012.9 -2.1 92 0 16.0 12.5 2.5 0.0 0 0 1 4 4
3103.3 -875.8 -1.8 271 0 8.9 11.9 2.5 2.5 2 1 1 5 5
3136.3 -974.0 -1.6 100 0 9.9 22.7 5.0 2.5 2 1 2 2 2
3203.0 -867.9 -5.5 265 0 8.9 11.9 7.5 2.5 2 1 3 1 1
3141.0 -874.9 -2.3 269 0 8.9 11.9 5.0 2.5 2 1 2 1 1
-714.3 1814.2 -3.9 194 0 7.5 27.8 5.0 2.5 2 1 2 3 3
3185.5 -1039.8 -2.6 91 0 8.3 9.4 2.5 2.5 2 1 1 4 4
-712.4 1822.7 -3.3 194 0 7.5 27.8 5.0 2.5 2 1 2 3 3
3078.5 -874.0 -1.2 274 0 8.9 11.9 7.5 2.5 2 1 3 3 3
3189.7 -932.6 -4.3 191 0 27.7 15.5 10.0 0.0 0 0 4 2 2
3173.4 -1040.3 -2.6 91 0 8.3 9.5 5.0 2.5 2 1 2 3 3
2856.6 -913.0 -0.3 186 0 29.1 10.5 7.5 2.5 2 0 3 0 0
3065.3 -876.2 -1.0 274 0 8.9 11.9 5.0 0.0 0 1 2 0 0
3367.5 -916.9 -6.5 309 0 9.0 11.8 5.0 0.0 0 1 2 3 3
3135.6 -1036.1 -2.2 92 0 8.3 9.5 5.0 2.5 2 1 2 4 4
-710.2 1831.1 -3.4 194 0 7.5 27.8 5.0 2.5 2 1 2 3 3
-782.7 3114.8 -6.4 93 0 16.0 17.0 7.5 2.5 2 1 3 1 1
3228.4 -865.8 -6.4 267 0 8.9 11.9 5.0 2.5 2 1 2 1 1
2940.2 -856.3 0.8 283 0 8.9 11.9 2.5 2.5 2 1 1 4 4
2913.5 -850.5 0.7 280 0 8.9 11.9 7.5 2.5 2 1 3 2 2
2870.9 -886.3 -0.1 184 0 9.9 13.4 7.5 2.5 2 1 3 0 0
3229.7 -928.3 -5.6 11 0 33.6 11.9 7.5 2.5 2 0 3 0 0
2953.5 -856.9 0.7 283 0 8.9 11.9 7.5 2.5 2 1 3 2 2
3148.4 -1038.9 -2.3 92 0 8.3 9.5 5.0 0.0 0 1 2 3 3
3415.8 -956.8 -6.5 321 0 9.0 11.8 7.5 2.5 2 1 3 4 4
-874.5 3279.5 -6.5 271 0 8.2 6.3 7.5 2.5 2 0 3 5 5
-801.9 3117.4 -6.4 95 0 16.0 16.8 10.0 2.5 2 1 4 5 5
3291.2 -868.1 -6.5 276 0 8.9 11.9 2.5 2.5 2 1 1 3 3
3199.0 -1041.4 -2.8 91 0 8.3 9.4 2.5 2.5 2 1 1 2 2
-736.2 3122.7 -5.7 2 0 15.2 15.0 10.0 2.5 2 0 4 4 4
3083.6 -1011.9 -2.3 92 0 16.0 12.5 7.5 2.5 2 0 3 0 0
-653.2 1897.1 -2.4 308 0 14.1 26.0 10.0 2.5 2 1 4 0 0
3348.4 -901.2 -6.5 307 0 9.0 11.8 5.0 2.5 4 1 2 3 3
3161.2 -1037.7 -2.4 94 0 8.3 9.5 5.0 2.5 4 1 2 1 1
2912.0 -975.3 -1.1 91 0 15.8 10.7 5.0 2.5 2 0 2 2 2
2989.9 -866.0 0.3 276 0 8.9 11.9 2.5 2.5 2 1 1 5 5
-590.2 1904.1 -4.1 80 0 20.8 15.8 10.0 2.5 2 0 4 2 2
3344.8 -1066.7 -5.1 92 0 11.4 23.8 10.0 2.5 2 1 4 3 3
-625.7 1924.3 -3.9 188 0 13.2 22.4 12.5 2.5 2 1 5 2 2
-731.7 1863.2 -5.9 191 0 12.8 11.0 5.0 2.5 2 0 2 0 0
3166.4 -951.9 -2.0 11 0 31.9 10.8 7.5 2.5 2 0 3 3 3
2991.8 -946.8 -1.7 125 0 43.1 9.9 7.5 0.0 0 0 3 0 0
3175.1 -1016.9 -2.1 92 0 16.0 12.5 10.0 0.0 0 0 4 4 4
3158.0 -1015.5 -1.8 92 0 16.0 12.5 2.5 2.5 2 0 1 4 4
-708.2 1839.9 -3.6 194 0 7.5 27.8 2.5 2.5 2 1 1 1 1
3448.5 -1024.5 -6.6 343 0 9.0 11.8 5.0 2.5 2 1 2 2 2
3074.1 -1034.8 -2.9 92 0 8.3 9.5 5.0 2.5 2 1 2 4 4
3318.0 -878.3 -6.5 299 0 8.9 11.9 5.0 2.5 2 1 2 2 2
3335.1 -995.3 -5.4 271 0 10.4 24.9 12.5 2.5 2 1 5 0 0
3241.4 -875.0 -6.4 86 0 8.9 11.9 2.5 2.5 2 1 1 3 3
2870.2 -905.6 -0.4 185 0 13.0 40.7 10.0 2.5 2 1 4 4 4
3047.7 -1010.2 -2.5 92 0 16.0 12.5 5.0 2.5 2 0 2 3 3
3128.7 -993.4 -1.7 93 0 55.8 13.0 7.5 2.5 2 0 3 4 4
3390.4 -947.6 -4.8 131 0 9.0 11.8 5.0 2.5 4 1 2 2 2
3139.2 -1014.7 -1.6 93 0 16.0 12.5 5.0 2.5 4 0 2 4 4
3266.9 -875.8 -6.5 90 0 8.9 11.9 2.5 2.5 2 1 1 5 5
2954.6 -931.4 -1.3 26 0 11.9 24.5 7.5 2.5 2 1 3 4 4
2888.0 -886.6 -0.1 185 0 14.8 24.1 7.5 2.5 2 1 3 0 0
2965.5 -861.7 0.5 282 0 8.9 11.9 2.5 0.0 0 1 1 1 1
3002.5 -865.0 0.3 276 0 8.9 11.9 7.5 2.5 2 1 3 0 0
-825.7 3134.1 -6.4 207 0 22.6 8.1 7.5 2.5 2 0 3 3 3
-625.9 1887.8 -1.8 123 0 16.3 12.6 7.5 2.5 2 0 3 2 2
-754.1 3220.0 -5.8 272 0 13.5 16.0 2.5 2.5 4 1 1 2 2
3177.7 -909.0 -3.3 190 0 15.5 13.5 10.0 2.5 2 0 4 4 4
-703.3 1859.5 -3.9 193 0 8.4 26.5 2.5 2.5 4 1 1 2 2
3064.9 -1010.6 -2.4 92 0 16.0 12.5 5.0 2.5 2 0 2 1 1
-764.0 3167.6 -5.3 4 0 17.2 13.1 7.5 2.5 2 0 3 1 1
3086.7 -1035.6 -2.8 92 0 8.3 9.5 7.5 2.5 2 1 3 4 4
-763.4 3111.5 -6.3 94 0 16.8 16.3 10.0 2.5 2 0 4 4 4
-576.4 1886.0 -3.2 85 0 9.7 18.8 7.5 2.5 2 1 3 3 3
-648.1 1919.8 -3.6 234 0 23.2 20.5 12.5 2.5 2 0 5 4 4
-706.3 1848.6 -3.7 194 0 7.5 27.8 5.0 2.5 2 1 2 0 0
3435.4 -989.4 -6.6 334 0 9.0 11.8 5.0 2.5 2 1 2 0 0
3278.3 -877.4 -6.5 94 0 8.9 11.9 5.0 2.5 2 1 2 0 0
3119.7 -1013.7 -1.7 92 0 16.0 12.5 5.0 2.5 4 0 2 1 1
2891.0 -928.3 -0.8 185 0 25.2 13.4 12.5 2.5 2 0 5 5 5
2875.8 -949.8 -0.9 185 0 17.5 34.1 7.5 2.5 2 1 3 2 2
2076.5 -531.4 -1.4 296 0 5.4 27.2 2.5 2.5 2 1 1 3 3
2196.9 -595.6 -3.6 119 0 31.9 14.1 12.5 2.5 2 0 5 4 4
2084.1 -534.6 -1.2 297 0 5.0 27.5 5.0 2.5 4 1 2 3 3
2122.2 -577.3 -1.2 23 0 13.4 6.5 7.5 2.5 2 0 3 1 1
2123.5 -512.8 -0.0 299 0 5.0 22.0 5.0 2.5 2 1 2 4 4
-4329.1 6236.6 -8.5 80 0 6.2 11.8 7.5 2.5 2 1 3 4 4
-4521.1 6201.7 -5.1 74 0 5.7 9.7 7.5 2.5 2 1 3 1 1
-4464.6 6209.2 -5.4 74 0 5.7 9.7 7.5 2.5 2 1 3 2 2
-4540.5 6104.6 -6.2 120 0 6.4 9.8 7.5 0.0 0 1 3 4 4
-4410.0 6220.7 -6.0 80 0 6.2 11.8 5.0 2.5 2 1 2 2 2
-4345.2 6249.3 -8.2 260 0 6.2 11.8 7.5 2.5 2 1 3 1 1
-4361.5 6231.5 -7.3 80 0 6.2 11.8 7.5 0.0 0 1 3 3 3
-4479.0 6207.4 -5.2 74 0 5.7 9.7 7.5 2.5 2 1 3 4 4
-4504.0 6216.5 -5.2 254 0 5.7 9.7 5.0 2.5 2 1 2 5 5
-4134.6 6292.9 -2.9 175 0 17.4 11.6 2.5 0.0 0 0 1 2 2
-4322.6 6240.4 -8.9 80 0 6.2 11.8 7.5 2.5 2 1 3 4 4
-4299.2 6247.0 -9.0 71 0 5.6 10.0 5.0 2.5 2 1 2 2 2
-4438.8 6071.7 -6.4 92 0 9.0 11.8 7.5 0.0 0 1 3 4 4
-4403.8 6222.1 -6.1 80 0 6.2 11.8 5.0 2.5 4 1 2 4 4
-4486.3 6207.7 -5.3 74 0 5.7 9.7 5.0 2.5 4 1 2 4 4
-4355.1 6233.1 -7.6 80 0 6.2 11.8 5.0 2.5 4 1 2 3 3
-4527.3 6200.5 -4.3 297 0 9.2 6.2 5.0 2.5 4 0 2 5 5
-4493.4 6207.4 -5.2 74 0 5.7 9.7 5.0 2.5 2 1 2 4 4
-4534.6 6192.2 -4.4 207 0 6.2 9.2 5.0 2.5 2 1 2 2 2
-4556.0 6118.8 -5.9 169 0 5.7 10.8 7.5 2.5 4 1 3 3 3
-4416.7 6220.6 -6.0 80 0 6.2 11.8 2.5 2.5 4 1 1 0 0
-4551.5 6109.7 -6.4 147 0 6.8 9.3 5.0 2.5 2 1 2 2 2
-4518.1 6096.5 -5.5 114 0 6.1 10.5 5.0 2.5 2 1 2 2 2
-4527.3 6172.5 -4.7 15 0 6.7 10.2 7.5 2.5 2 1 3 5 5
-4377.8 6240.5 -6.9 260 0 6.2 11.8 7.5 2.5 4 1 3 0 0
-4530.3 6162.8 -4.9 24 0 6.2 9.9 2.5 0.0 0 1 1 3 3
-4085.9 6226.2 -2.4 355 0 22.6 16.3 7.5 2.5 2 0 3 4 4
-4382.8 6226.7 -6.6 80 0 6.2 11.8 5.0 2.5 2 1 2 2 2
-4473.9 6219.8 -5.6 254 0 5.7 9.7 2.5 2.5 2 1 1 5 5
-4292.3 6249.0 -9.0 71 0 5.6 10.0 7.5 0.0 0 1 3 5 5
-4510.2 6092.8 -5.5 114 0 6.1 10.5 5.0 2.5 2 1 2 5 5
-4450.6 6073.4 -6.4 96 0 9.1 9.3 7.5 2.5 2 1 3 0 0
-4273.1 6253.7 -8.9 71 0 5.6 10.0 7.5 2.5 2 1 3 4 4
-4260.6 6257.9 -7.6 71 0 5.6 10.0 7.5 2.5 2 1 3 3 3
-4226.7 6267.7 -4.0 71 0 5.6 10.0 5.0 2.5 2 1 2 2 2
-4214.5 6271.4 -3.8 71 0 5.6 10.0 7.5 2.5 4 1 3 5 5
552.5 803.8 5.5 51 0 32.1 10.7 7.5 2.5 2 0 3 4 4
538.9 583.6 -2.3 108 0 14.9 23.3 7.5 2.5 4 1 3 4 4
487.6 597.5 -2.8 112 0 31.5 34.0 15.0 0.0 0 1 6 1 1
632.4 659.0 -0.3 100 0 34.4 72.4 10.0 0.0 0 1 4 5 5
5468.0 -6930.0 -2.6 308 0 14.1 20.0 10.0 2.5 2 1 4 0 0
5336.4 -6892.0 -3.0 154 0 9.1 14.6 5.0 2.5 4 1 2 4 4
5411.2 -6876.4 -3.2 33 0 17.8 8.3 7.5 2.5 2 0 3 3 3
6703.2 -1691.8 -9.3 329 0 8.2 8.8 5.0 2.5 2 1 2 1 1
2920.0 -1260.9 -6.4 90 0 16.2 24.1 10.0 2.5 2 1 4 4 4
2607.1 -908.7 -2.7 357 0 12.1 20.5 10.0 0.0 0 1 4 5 5
2586.1 -883.7 -3.6 294 0 12.6 30.2 10.0 2.5 2 1 4 5 5
-3206.8 4870.0 -2.4 319 0 9.8 9.3 7.5 2.5 4 0 3 4 4
-3298.8 4929.1 -1.8 294 0 12.4 8.5 7.5 2.5 2 0 3 3 3
-3244.7 4893.5 -2.4 292 0 13.7 9.9 7.5 2.5 2 0 3 1 1
-3190.7 4850.5 -2.6 324 0 11.7 10.2 5.0 2.5 2 0 2 5 5
2828.1 -933.3 -0.3 8 0 14.9 30.2 7.5 2.5 2 1 3 1 1
2999.1 -1004.5 -2.1 80 0 4.8 10.6 7.5 2.5 2 1 3 0 0
3200.3 -902.1 -4.4 221 0 11.6 11.5 7.5 2.5 2 0 3 4 4
-2138.3 4208.4 -2.8 294 0 6.5 11.0 2.5 2.5 4 1 1 5 5
-2316.5 4088.3 -1.4 115 0 14.3 32.1 7.5 2.5 4 1 3 0 0
-2457.5 4214.0 -3.7 295 0 12.4 9.2 8.0 2.5 2 0 2 1 1
-2398.5 4169.6 -3.0 28 0 29.8 13.4 12.5 2.5 2 0 5 0 0
400.3 866.9 1.7 111 0 10.8 14.6 2.5 2.5 2 1 1 3 3
145.9 783.0 -1.8 26 0 16.3 16.5 2.5 2.5 2 1 1 2 2
363.4 819.1 0.3 121 0 20.4 17.3 7.5 2.5 2 0 3 3 3
6807.3 -1717.9 -8.4 176 0 23.3 6.8 2.5 2.5 2 0 1 1 1
6684.5 -1715.8 -9.3 15 0 4.4 22.1 7.5 2.5 2 1 3 3 3
6902.5 -2391.5 -9.7 269 0 10.9 12.4 10.0 2.5 2 1 4 5 5
6888.4 -2031.3 -7.7 22 0 11.1 13.6 2.5 2.5 2 1 1 1 1
6911.1 -1962.0 -2.6 142 0 5.4 10.4 5.0 2.5 2 1 2 3 3
6911.6 -1919.8 -2.7 122 0 11.6 5.4 7.5 0.0 0 0 3 4 4
6912.7 -1886.4 -3.0 237 0 11.1 6.3 2.5 2.5 2 0 1 4 4
6903.9 -1855.4 -4.4 25 0 5.7 11.2 5.0 2.5 2 1 2 3 3
6909.6 -1843.4 -2.9 129 0 11.3 5.7 7.5 2.5 2 0 3 5 5
6872.3 -1806.3 -6.1 5 0 6.7 7.9 5.0 2.5 2 1 2 5 5
6910.0 -1810.7 -3.9 336 0 6.2 11.3 7.5 2.5 2 1 3 0 0
6906.8 -1804.1 -4.4 344 0 5.8 12.1 5.0 2.5 2 1 2 5 5
6909.5 -1797.1 -4.0 1 0 6.7 11.5 5.0 2.5 2 1 2 1 1
6910.5 -1775.9 -3.5 140 0 13.4 6.8 2.5 0.0 0 0 1 4 4
6912.4 -1620.5 -8.0 269 0 17.2 8.8 5.0 2.5 2 0 2 1 1
6906.1 -1663.8 -6.7 20 0 18.1 7.4 5.0 2.5 2 0 2 4 4
6869.9 -1630.8 -7.3 303 0 10.5 9.3 2.5 0.0 0 0 1 2 2
6887.4 -1649.2 -7.4 15 0 17.6 13.5 7.5 2.5 2 0 3 5 5
6846.2 -1635.8 -6.5 217 0 15.8 19.1 12.5 0.0 0 1 5 3 3
6873.2 -1675.8 -6.2 107 0 35.2 13.9 15.0 0.0 0 0 6 4 4
6907.2 -1685.3 -5.9 2 0 17.0 14.1 5.0 2.5 2 0 2 3 3
6887.0 -1766.9 -3.9 117 0 4.8 20.9 7.5 2.5 2 1 3 2 2
6912.6 -1701.8 -4.4 270 0 50.7 10.1 7.5 2.5 2 0 3 1 1
6874.2 -1713.4 -4.2 2 0 20.8 10.6 2.5 2.5 2 0 1 3 3
6863.2 -1698.1 -3.9 4 0 10.7 12.7 7.5 2.5 2 1 3 4 4
6861.5 -1713.9 -5.7 6 0 18.7 13.3 7.5 2.5 2 0 3 2 2
6854.7 -1730.6 -6.2 5 0 14.2 8.4 2.5 2.5 2 0 1 4 4
6875.1 -1729.7 -5.6 354 0 11.9 18.8 2.5 2.5 2 1 1 2 2
6876.1 -1743.6 -5.9 357 0 12.3 25.6 15.0 0.0 0 1 6 5 5
6873.8 -1764.2 -5.0 357 0 25.3 8.7 7.5 2.5 2 0 3 5 5
6820.7 -1734.0 -7.5 186 0 14.5 17.2 10.0 2.5 2 1 4 5 5
6843.8 -1757.3 -6.6 0 0 21.4 9.2 2.5 2.5 4 0 1 5 5
6801.1 -1793.5 -8.3 147 0 9.8 41.0 7.5 2.5 2 1 3 5 5
6866.9 -1798.4 -6.4 39 0 11.5 35.3 15.0 0.0 0 1 6 2 2
6833.0 -1801.3 -7.2 125 0 29.4 11.9 10.0 2.5 2 0 4 4 4
6817.0 -1803.7 -7.8 125 0 16.1 8.2 2.5 2.5 2 0 1 3 3
-2482.0 4136.3 -7.4 206 0 16.5 6.9 7.5 2.5 4 0 3 1 1
-2455.9 4095.4 -7.3 124 0 11.2 30.7 15.0 0.0 0 1 6 1 1
-2438.5 4086.7 -7.3 123 0 12.4 31.7 10.0 2.5 2 1 4 2 2
-2432.3 4188.5 -4.6 298 0 11.7 23.6 10.0 2.5 2 1 4 4 4
-2400.6 4138.3 -5.6 26 0 10.8 60.0 7.5 2.5 2 1 3 2 2
-2409.9 4123.8 -6.2 26 0 17.1 44.5 12.5 2.5 2 1 5 1 1
-2486.5 4398.7 -2.7 290 0 21.1 14.0 10.0 2.5 2 0 4 2 2
