-3227.8 -6443.5 -5.2 14 0 8.8 8.7 7.5 2.5 2 0 3 0 0
-5837.7 -5938.7 -3.6 26 0 15.0 18.9 10.0 2.5 2 1 4 2 2
-5829.5 -5948.2 -3.4 209 0 6.1 8.3 2.5 2.5 2 1 1 2 2
-5779.0 -5867.6 -4.0 205 0 6.5 9.3 5.0 2.5 2 1 2 5 5
-5917.8 -5917.0 -3.3 92 0 8.0 8.8 5.0 2.5 2 1 2 4 4
-5975.7 -5949.2 -3.1 6 0 7.8 7.6 5.0 0.0 0 0 2 3 3
-5974.6 -5938.1 -3.1 6 0 7.8 7.6 5.0 0.0 0 0 2 5 5
-6004.0 -5949.9 -2.7 186 0 7.8 7.6 5.0 2.5 2 0 2 4 4
-6002.5 -5935.5 -3.0 186 0 7.8 7.6 2.5 2.5 2 0 1 2 2
-5973.3 -5924.1 -3.1 6 0 7.8 7.6 5.0 2.5 2 0 2 0 0
-5961.8 -5923.4 -3.2 186 0 7.8 7.6 5.0 2.5 2 0 2 0 0
-5933.0 -5912.7 -3.4 186 0 7.8 7.6 5.0 2.5 2 0 2 2 2
-5868.7 -5977.4 -4.1 113 0 8.4 9.8 5.0 2.5 2 1 2 1 1
-6036.3 -5962.6 -6.3 275 0 9.5 23.2 7.5 2.5 2 1 3 4 4
-6037.2 -5931.7 -3.8 1 0 14.8 17.5 7.5 2.5 2 1 3 2 2
-5873.4 -5872.2 -4.2 103 0 5.9 17.3 7.5 2.5 2 1 3 0 0
-5863.1 -5900.5 -3.9 107 0 8.3 8.9 2.5 2.5 2 1 1 0 0
-5816.9 -5881.6 -4.0 204 0 9.8 10.6 7.5 2.5 2 1 3 4 4
-5807.7 -5860.0 -4.1 204 0 6.1 10.3 5.0 0.0 0 1 2 3 3
-5941.3 -5941.0 -3.4 6 0 7.8 7.6 2.5 0.0 0 0 1 2 2
-6009.1 -5977.1 -4.7 6 0 7.8 7.6 8.0 2.5 2 0 2 5 5
-5762.7 -5979.7 -3.3 209 0 6.1 8.3 7.5 2.5 4 1 3 2 2
-5792.0 -5970.6 -3.7 29 0 6.1 8.3 5.0 0.0 0 1 2 3 3
-5816.3 -6009.9 -4.8 119 0 8.3 6.1 5.0 0.0 0 0 2 4 4
-5767.5 -6020.7 -4.5 200 0 11.3 7.0 5.0 2.5 2 0 2 4 4
-3912.6 -6672.8 -7.6 262 0 18.1 18.2 10.0 0.0 0 1 4 0 0
-3266.9 -6301.1 -3.0 136 0 14.6 22.5 12.5 2.5 2 1 5 3 3
-4277.3 -6270.4 -7.7 109 0 18.8 21.1 10.0 2.5 2 1 4 4 4
-4312.4 -6142.8 -7.1 291 0 10.9 31.2 17.5 0.0 0 1 7 1 1
-3356.7 -6268.6 -5.7 147 0 8.7 41.9 7.5 2.5 2 1 3 2 2
-3249.7 -6367.0 -0.9 147 0 23.3 21.0 7.5 2.5 4 0 3 0 0
-3301.3 -6241.5 -6.3 228 0 13.9 33.8 10.0 2.5 2 1 4 5 5
-4338.9 -6136.9 -7.3 290 0 19.7 48.5 10.0 2.5 2 0 4 3 3
-4356.1 -6138.2 -7.3 290 0 12.0 41.5 12.5 2.5 2 0 5 0 0
-4385.4 -6164.8 -7.0 200 0 27.0 12.8 7.5 0.0 0 0 3 4 4
-3910.2 -6705.5 -7.1 84 0 10.0 11.3 7.5 2.5 2 1 3 4 4
