1651.5 2014.8 3.9 208 0 10.7 37.0 7.5 2.5 2 1 3 2 2
1574.9 2069.2 1.5 307 0 20.1 14.1 12.5 2.5 2 0 5 0 0
1735.4 1977.0 4.2 21 0 9.6 42.6 7.5 0.0 0 1 3 5 5
1497.0 2123.1 -4.5 270 0 8.5 12.2 7.5 2.5 2 1 3 0 0
1855.2 2139.9 2.2 171 0 5.7 16.9 5.0 2.5 2 1 2 0 0
1535.2 2094.2 -0.5 50 0 6.4 16.8 2.5 0.0 0 1 1 2 2
1638.9 2212.0 1.5 332 0 6.3 39.0 7.5 2.5 2 1 3 5 5
1793.4 2196.2 2.8 217 0 8.6 34.1 7.5 2.5 4 1 3 0 0
1692.5 2224.4 1.4 349 0 5.5 40.9 7.5 2.5 2 1 3 5 5
1725.5 2209.4 1.7 109 0 40.6 5.6 2.5 2.5 2 0 1 1 1
1578.8 2153.0 1.4 72 0 10.6 26.9 7.5 0.0 0 1 3 5 5
1543.0 2179.9 0.2 325 0 6.2 10.0 2.5 2.5 2 1 1 1 1
1602.8 2038.0 3.0 207 0 10.1 37.2 10.0 2.5 2 1 4 4 4
1867.6 2099.4 -1.1 180 0 9.9 10.6 5.0 2.5 2 1 2 1 1
3775.8 4162.4 -1.6 58 0 5.8 8.9 2.5 2.5 2 1 1 4 4
3589.1 4072.2 -5.5 119 0 8.8 5.8 7.5 2.5 2 0 3 1 1
3717.8 4137.7 -4.3 85 0 5.7 8.9 7.5 2.5 2 1 3 2 2
3739.6 4142.2 -4.2 58 0 5.8 8.9 5.0 2.5 2 1 2 4 4
3590.2 4084.5 -5.6 207 0 5.8 8.8 5.0 2.5 2 1 2 3 3
3860.2 4182.8 -1.6 123 0 5.8 8.8 7.5 2.5 2 1 3 3 3
3699.8 4131.6 -3.5 78 0 5.7 8.9 5.0 0.0 0 1 2 1 1
3635.2 4137.0 -4.7 253 0 5.8 8.9 5.0 0.0 0 1 2 3 3
3623.9 4135.6 -4.1 252 0 5.8 8.9 2.5 2.5 2 1 1 5 5
3831.3 4187.3 -2.1 113 0 5.8 8.9 7.5 2.5 2 1 3 1 1
3613.7 4113.9 -4.8 29 0 5.8 8.8 7.5 2.5 2 1 3 1 1
3786.0 4164.3 -1.5 58 0 5.8 8.9 5.0 2.5 2 1 2 5 5
3602.5 4111.3 -5.1 211 0 5.8 8.8 5.0 2.5 2 1 2 5 5
3708.9 4133.5 -3.8 84 0 5.8 8.9 7.5 0.0 0 1 3 3 3
3747.0 4145.0 -3.9 58 0 5.8 8.9 5.0 0.0 0 1 2 3 3
3770.4 4154.5 -1.5 58 0 5.8 8.9 7.5 2.5 2 1 3 0 0
3847.3 4180.4 -1.6 123 0 5.8 8.9 5.0 2.5 4 1 2 5 5
3761.8 4048.2 0.4 267 0 8.5 21.4 5.0 2.5 2 1 2 4 4
3840.5 4058.9 -0.5 180 0 12.7 37.8 7.5 2.5 2 1 3 1 1
3814.4 4053.8 -0.2 92 0 18.9 13.1 2.5 2.5 2 0 1 3 3
3797.7 4086.0 -0.9 93 0 25.2 11.7 15.0 0.0 0 0 6 4 4
3754.3 4092.3 -1.0 135 0 20.5 21.9 7.5 2.5 2 1 3 3 3
3785.4 4120.3 -0.9 181 0 12.3 24.6 7.5 2.5 2 1 3 3 3
3860.5 4078.2 -0.7 181 0 8.1 19.7 7.5 2.5 2 1 3 0 0
3717.0 4041.0 0.4 316 0 30.3 15.8 10.0 2.5 2 0 4 5 5
3753.5 3985.6 0.3 20 0 10.8 51.4 10.0 2.5 2 0 4 1 1
3658.1 4078.6 -0.8 250 0 11.8 52.4 10.0 2.5 2 0 4 1 1
-744.7 6016.7 -1.7 293 0 14.1 9.9 3.5 0.0 0 0 1 2 2
-333.1 5797.8 -3.2 30 0 13.7 17.1 5.0 0.0 0 1 2 5 5
-746.7 6123.2 1.5 202 0 9.8 16.3 7.5 2.5 2 1 3 0 0
-449.3 5845.3 -3.3 153 0 15.6 24.2 7.5 2.5 2 1 3 4 4
-779.9 5929.7 -2.1 25 0 12.2 8.0 7.5 2.5 2 0 3 0 0
-719.1 5922.5 -2.5 201 0 15.0 15.6 14.0 2.5 2 0 4 4 4
-449.5 5738.5 -6.3 210 0 15.4 16.9 10.0 2.5 2 0 4 1 1
-503.5 5857.4 -4.0 300 0 14.1 21.9 7.5 2.5 2 0 3 2 2
-406.2 5831.1 -3.5 32 0 22.0 13.0 10.0 2.5 2 0 4 2 2
-393.2 5875.8 -2.6 302 0 17.5 27.9 7.5 0.0 0 1 3 1 1
-394.8 5804.7 -3.7 121 0 13.6 20.6 12.5 2.5 2 1 5 3 3
-710.6 5964.2 -2.2 294 0 9.4 14.5 5.0 2.5 2 0 2 0 0
-809.0 5990.2 -1.7 24 0 12.9 21.4 7.5 2.5 4 0 3 2 2
-489.8 5849.7 -4.1 300 0 17.3 22.0 15.0 0.0 0 0 6 5 5
-418.0 5791.6 -5.0 212 0 26.8 16.6 10.0 2.5 2 0 4 3 3
-843.9 5999.4 -1.6 20 0 15.6 11.7 12.5 0.0 0 0 5 4 4
-864.5 5995.3 -1.9 293 0 10.7 25.8 12.5 2.5 2 1 5 5 5
-833.4 6024.2 -1.6 23 0 30.2 12.5 10.0 2.5 2 0 4 2 2
-790.8 6123.7 1.4 23 0 28.9 9.5 7.5 2.5 2 0 3 4 4
-470.5 5781.9 -5.7 299 0 12.4 13.8 2.5 2.5 2 0 1 3 3
-571.6 5988.8 -0.8 297 0 10.7 16.0 5.0 2.5 2 0 2 4 4
-868.5 6195.8 -2.7 268 0 14.9 15.7 7.0 2.5 2 1 2 3 3
-257.3 5661.9 -4.7 120 0 14.5 23.2 10.0 2.5 2 1 4 4 4
-798.3 5981.1 -1.8 204 0 12.3 13.6 2.5 2.5 2 1 1 0 0
-673.8 5865.3 -2.0 209 0 17.3 15.9 7.5 0.0 0 0 3 2 2
-536.1 6021.2 -2.8 27 0 14.0 13.9 7.5 2.5 2 0 3 2 2
-204.0 5776.3 -2.7 113 0 24.1 24.9 10.0 0.0 0 1 4 3 3
-536.8 5782.8 -6.1 126 0 28.3 11.6 10.0 2.5 2 0 4 4 4
-84.9 5606.5 -2.3 300 0 13.3 27.2 7.5 2.5 2 0 3 1 1
37.1 5537.5 -3.1 299 0 14.6 58.3 7.5 2.5 2 1 3 5 5
-552.8 5797.6 -5.6 120 0 8.0 20.6 5.0 2.5 2 1 2 5 5
-723.2 6046.3 -0.7 26 0 11.3 12.7 2.5 2.5 4 1 1 2 2
97.2 5418.7 -5.3 114 0 27.1 19.2 15.0 0.0 0 0 6 4 4
-561.2 5975.0 -0.8 25 0 15.1 7.8 5.0 2.5 2 0 2 4 4
-190.2 5733.6 -3.3 301 0 8.6 14.8 2.5 2.5 2 1 1 0 0
-752.3 6126.2 1.8 24 0 11.5 12.8 5.0 2.5 2 0 2 5 5
-669.8 6082.7 1.1 30 0 5.5 12.8 2.5 2.5 2 0 1 1 1
-628.8 5968.1 -1.7 28 0 15.8 17.4 10.0 2.5 2 1 4 2 2
-58.2 5558.7 -2.2 30 0 14.5 20.8 5.0 2.5 2 1 2 0 0
-723.8 6073.3 0.1 26 0 11.9 15.0 5.0 2.5 2 0 2 1 1
-643.8 5946.8 -2.1 117 0 6.9 17.6 10.5 2.5 2 1 3 2 2
61.4 5532.8 -3.1 118 0 10.1 20.3 7.5 2.5 2 1 3 0 0
-96.9 5668.0 -3.1 119 0 12.9 17.7 2.5 2.5 2 0 1 1 1
-445.6 5948.5 -4.7 301 0 14.0 14.0 7.5 2.5 2 0 3 2 2
-347.1 5706.6 -5.9 301 0 16.9 19.4 7.5 2.5 2 0 3 5 5
-119.2 5742.2 -3.2 29 0 11.5 7.3 5.0 2.5 2 0 2 1 1
-722.3 5911.4 -2.6 203 0 7.8 14.0 5.0 2.5 2 0 2 4 4
-660.0 6036.0 -0.6 297 0 12.5 12.3 5.0 2.5 2 0 2 3 3
22.5 5547.6 -2.8 301 0 16.6 35.9 10.0 2.5 2 1 4 3 3
-851.9 6050.7 -2.2 97 0 40.1 10.8 10.0 0.0 0 0 4 4 4
-135.4 5602.4 -4.6 301 0 10.9 20.7 5.0 2.5 2 0 2 1 1
-767.4 5917.9 -2.3 113 0 7.5 13.3 5.0 2.5 2 0 2 4 4
53.3 5468.8 -4.0 208 0 30.0 14.5 7.5 2.5 2 0 3 3 3
-44.0 5645.5 -4.6 46 0 28.3 30.7 10.0 0.0 0 1 4 3 3
-272.9 5647.7 -5.7 212 0 12.6 14.9 7.5 2.5 2 1 3 1 1
-361.9 5755.4 -4.9 211 0 27.3 15.3 7.5 2.5 2 0 3 3 3
-629.4 6026.1 -0.2 118 0 13.9 11.2 5.0 2.5 4 0 2 5 5
-625.9 5898.7 -1.9 115 0 8.0 11.0 2.5 2.5 4 1 1 4 4
69.0 5433.7 -4.2 116 0 23.2 12.7 7.5 2.5 2 0 3 5 5
-574.1 5897.4 -1.7 297 0 10.2 38.7 7.5 2.5 2 1 3 5 5
-310.9 5694.6 -4.5 121 0 11.2 9.3 2.5 2.5 2 0 1 1 1
110.2 5493.1 -5.7 300 0 23.9 14.1 12.5 2.5 2 0 5 4 4
-374.5 5899.4 -4.4 25 0 12.4 32.6 10.0 2.5 2 1 4 1 1
-245.2 5696.7 -4.0 209 0 13.8 16.0 5.0 2.5 2 0 2 3 3
78.3 5582.1 -4.2 311 0 20.4 25.2 12.5 2.5 2 1 5 2 2
-635.5 5853.6 -0.3 299 0 13.5 13.5 5.0 2.5 4 0 2 1 1
-802.8 6091.8 0.2 24 0 31.8 12.1 12.5 2.5 2 0 5 1 1
44.9 5494.3 -3.3 27 0 12.3 12.3 5.0 2.5 4 0 2 2 2
-727.8 6037.0 -1.1 26 0 9.9 8.7 5.0 2.5 2 0 2 3 3
122.6 5462.0 -6.3 265 0 16.2 31.9 10.0 2.5 4 1 4 4 4
-195.3 5676.9 -4.9 297 0 14.5 16.8 5.0 2.5 4 1 2 0 0
-856.2 6073.9 -1.5 97 0 39.1 15.9 12.5 2.5 2 0 5 2 2
-336.0 5906.1 -4.2 119 0 8.5 10.5 5.0 2.5 2 1 2 0 0
-790.7 6047.2 -0.9 113 0 11.9 9.4 2.5 2.5 2 0 1 3 3
-775.6 5973.5 -1.7 9 0 14.8 10.0 5.0 2.5 2 0 2 1 1
-664.7 5883.4 -2.2 208 0 15.6 21.1 10.0 2.5 4 1 4 1 1
-89.0 5627.0 -3.5 122 0 42.1 24.5 7.5 0.0 0 0 3 3 3
29.0 5556.9 -3.2 117 0 10.7 16.3 5.0 2.5 2 1 2 4 4
-525.8 5813.1 -5.5 302 0 10.6 17.8 5.0 2.5 4 1 2 4 4
-489.7 5979.7 -3.0 122 0 10.7 13.1 5.0 2.5 2 1 2 5 5
-844.7 6197.2 -1.7 269 0 15.2 11.0 7.0 2.5 2 0 2 3 3
-756.7 5942.2 -2.2 293 0 8.7 10.4 5.0 2.5 2 1 2 3 3
-227.6 5644.4 -5.2 120 0 11.1 17.0 7.0 2.5 2 1 2 5 5
-616.6 5924.3 -2.3 297 0 18.2 8.3 5.0 2.5 4 0 2 3 3
-500.8 5804.4 -5.0 122 0 15.4 22.5 7.5 2.5 4 0 3 3 3
-390.1 5720.9 -6.0 29 0 19.8 29.1 7.5 2.5 2 0 3 5 5
-709.3 6101.6 1.2 28 0 10.8 6.5 2.5 0.0 0 0 1 3 3
-633.9 5856.8 -0.7 120 0 11.0 15.4 5.0 2.5 2 0 2 3 3
-760.9 6102.0 1.0 24 0 9.9 20.7 5.0 2.5 2 1 2 1 1
-478.4 5828.0 -4.3 30 0 19.1 11.8 5.0 2.5 2 0 2 0 0
-732.4 5973.8 -2.1 293 0 7.0 14.9 2.5 0.0 0 1 1 4 4
-391.8 5706.4 -6.3 209 0 17.0 15.3 7.5 2.5 2 0 3 0 0
-545.2 6006.8 -0.1 25 0 13.7 12.1 5.0 2.5 2 0 2 1 1
-248.3 5700.9 -3.6 34 0 9.2 23.2 5.0 2.5 2 1 2 2 2
-700.0 5966.1 -2.2 206 0 12.0 12.6 7.0 2.5 2 0 2 0 0
-484.0 5790.5 -5.6 297 0 12.4 10.5 5.0 0.0 0 0 2 2 2
-69.5 5541.2 -1.7 34 0 19.3 24.2 7.5 2.5 2 1 3 1 1
-768.6 6083.9 0.3 25 0 16.7 14.5 7.5 2.5 2 0 3 4 4
-513.9 5963.1 -2.2 31 0 16.3 13.9 5.0 2.5 2 0 2 2 2
-606.1 5867.0 -0.7 30 0 15.6 10.9 5.0 2.5 2 0 2 1 1
-124.7 5649.0 -4.3 110 0 14.8 19.2 10.0 2.5 2 1 4 3 3
-173.0 5797.4 -2.8 294 0 11.2 25.1 10.0 2.5 2 1 4 4 4
-824.0 5957.3 -1.8 28 0 15.8 14.9 5.0 0.0 0 0 2 5 5
-333.1 5686.8 -5.6 29 0 19.0 13.7 5.0 2.5 2 0 2 3 3
-360.2 5714.6 -5.8 301 0 14.1 12.4 2.5 2.5 2 0 1 4 4
-660.2 6071.6 0.7 25 0 14.5 14.0 5.0 2.5 2 0 2 4 4
-447.3 5768.2 -5.7 300 0 14.0 12.7 5.0 2.5 4 0 2 0 0
-476.7 5746.1 -6.3 122 0 14.5 13.8 5.0 2.5 2 0 2 4 4
-657.8 5999.0 -1.2 109 0 13.3 16.0 5.0 2.5 2 1 2 0 0
-122.6 5554.4 -3.1 123 0 14.5 10.0 5.0 2.5 2 0 2 2 2
-608.9 5849.3 -1.7 209 0 29.3 12.4 10.0 2.5 2 0 4 4 4
-700.8 6094.6 1.0 26 0 14.7 10.7 5.0 2.5 2 0 2 2 2
70.7 5498.8 -3.8 211 0 28.0 14.4 7.5 2.5 4 0 3 4 4
-913.2 6137.2 -4.0 189 0 21.8 10.6 14.0 2.5 2 0 4 0 0
-814.0 5980.1 -1.7 28 0 9.2 13.3 2.5 2.5 2 0 1 5 5
-353.5 5719.7 -5.2 121 0 11.5 21.1 5.0 2.5 2 1 2 3 3
-626.6 6041.9 0.3 118 0 10.2 15.3 5.0 2.5 2 1 2 4 4
-673.5 5878.3 -2.5 27 0 9.3 10.6 5.0 2.5 2 1 2 1 1
-764.6 6082.7 0.1 203 0 8.8 17.4 5.0 2.5 2 0 2 3 3
-470.1 5831.5 -4.1 211 0 10.4 18.0 5.0 0.0 0 0 2 0 0
-649.0 5915.3 -2.6 209 0 16.2 16.4 7.5 0.0 0 0 3 5 5
-738.9 5939.1 -2.3 295 0 13.3 15.7 2.5 0.0 0 0 1 5 5
-307.1 5712.8 -4.2 207 0 16.5 11.1 5.0 0.0 0 0 2 1 1
-320.2 5711.0 -5.0 32 0 20.3 23.9 15.0 0.0 0 0 6 2 2
-623.8 5966.4 -1.7 204 0 17.3 17.5 7.5 2.5 2 0 3 0 0
-278.2 5724.5 -3.7 300 0 16.1 20.5 7.5 2.5 2 0 3 3 3
-844.5 6186.2 -1.7 269 0 19.9 11.6 10.5 0.0 0 0 3 2 2
-631.3 5932.1 -2.6 299 0 16.3 15.6 2.5 2.5 2 0 1 2 2
-781.4 5945.5 -1.9 24 0 15.7 10.5 5.0 2.5 2 0 2 0 0
-65.9 5692.9 -4.1 312 0 25.4 15.7 12.5 2.5 2 0 5 3 3
-569.6 5991.9 -0.3 117 0 12.1 17.1 5.0 2.5 2 0 2 0 0
-724.3 5923.8 -2.4 25 0 16.0 12.9 7.0 2.5 2 0 2 1 1
-783.0 5912.7 -2.3 209 0 14.0 8.5 10.5 2.5 2 0 3 1 1
-186.8 5699.3 -4.0 31 0 12.6 8.7 5.0 2.5 2 0 2 5 5
-614.0 5853.8 -0.5 30 0 14.9 13.6 5.0 2.5 2 0 2 4 4
-197.5 5588.9 -6.9 211 0 21.7 27.9 12.5 0.0 0 1 5 5 5
-777.4 5956.1 -1.8 13 0 7.3 8.1 5.0 2.5 2 0 2 2 2
-384.0 5720.4 -5.9 209 0 14.5 16.2 2.5 2.5 2 0 1 5 5
-278.6 5646.8 -5.7 31 0 8.4 8.8 2.5 2.5 4 0 1 4 4
-458.7 5858.2 -3.1 35 0 21.7 7.2 10.5 0.0 0 0 3 5 5
-711.9 6003.6 -2.0 291 0 17.2 14.1 5.0 2.5 2 0 2 3 3
-739.8 6088.4 0.3 301 0 13.3 12.1 5.0 2.5 2 0 2 1 1
-488.8 5753.5 -6.2 122 0 15.2 13.9 2.5 2.5 2 0 1 4 4
-322.0 5751.6 -4.3 300 0 11.4 19.7 5.0 2.5 2 1 2 1 1
-705.3 5955.0 -2.3 205 0 12.7 12.7 5.0 2.5 2 0 2 1 1
-106.6 5588.6 -2.9 303 0 15.6 27.4 12.5 2.5 2 0 5 1 1
-450.2 5964.3 -5.5 210 0 15.1 30.8 10.0 2.5 2 1 4 0 0
-308.3 5729.8 -4.2 32 0 24.6 13.3 10.0 2.5 2 0 4 4 4
-655.1 5953.3 -2.1 120 0 11.7 14.1 2.5 2.5 4 0 1 2 2
-295.7 5685.5 -4.5 124 0 11.4 18.5 5.0 2.5 2 0 2 4 4
-693.2 5919.2 -2.6 296 0 13.4 15.6 2.5 2.5 2 1 1 2 2
-180.3 5710.2 -3.8 31 0 13.0 12.9 5.0 2.5 2 0 2 4 4
-465.4 5951.4 -4.2 31 0 17.0 11.8 5.0 2.5 2 0 2 4 4
-201.5 5621.1 -6.1 33 0 16.7 13.8 7.5 2.5 2 0 3 1 1
-722.1 6013.5 -1.6 109 0 11.2 14.2 5.0 2.5 2 0 2 2 2
-377.8 5784.5 -4.4 299 0 15.8 15.4 5.0 2.5 2 0 2 5 5
-235.5 5622.6 -5.9 205 0 8.3 14.1 5.0 2.5 2 1 2 2 2
-723.3 6041.0 -1.1 200 0 12.4 27.5 12.5 2.5 2 1 5 2 2
-607.8 5998.8 -0.8 205 0 14.7 14.5 5.0 2.5 2 0 2 4 4
-224.5 5685.2 -4.5 300 0 15.6 13.6 5.0 2.5 2 0 2 2 2
-428.3 5911.9 -3.8 31 0 14.0 12.1 5.0 2.5 2 0 2 4 4
-692.9 5932.2 -2.4 119 0 16.0 17.9 10.0 2.5 2 0 4 5 5
-456.4 5780.6 -5.1 119 0 15.6 20.2 10.0 2.5 4 0 4 0 0
-134.4 5641.1 -5.2 296 0 13.0 36.0 15.0 0.0 0 0 6 1 1
-534.7 5966.4 -1.6 122 0 11.8 14.9 5.0 2.5 2 0 2 3 3
-414.6 5755.3 -5.2 120 0 12.9 21.4 10.0 0.0 0 1 4 0 0
-502.9 5761.9 -6.2 120 0 14.6 10.4 5.0 2.5 2 0 2 2 2
-666.7 6057.7 0.2 25 0 15.3 14.8 5.0 2.5 4 0 2 5 5
-619.3 5884.3 -1.2 301 0 18.4 15.7 10.0 2.5 2 0 4 1 1
-806.6 6175.4 -0.2 281 0 18.5 17.1 17.5 0.0 0 0 7 5 5
-600.7 5937.1 -1.8 117 0 5.2 10.3 5.0 2.5 2 0 2 1 1
-459.0 5775.2 -5.8 301 0 14.0 17.7 7.5 2.5 2 0 3 1 1
-515.2 5991.2 -1.9 301 0 14.9 16.5 5.0 2.5 2 0 2 1 1
-511.8 5811.3 -4.8 123 0 10.8 15.1 5.0 2.5 4 0 2 5 5
-525.9 5841.3 -4.2 211 0 6.5 20.3 5.0 2.5 2 0 2 2 2
-516.2 5997.5 -2.3 135 0 13.7 17.5 15.0 0.0 0 1 6 1 1
-310.0 5875.3 -2.4 302 0 18.4 32.7 7.5 2.5 4 1 3 5 5
-694.7 5883.7 -2.7 117 0 15.3 17.4 7.5 2.5 2 1 3 3 3
-172.1 5776.5 -2.9 209 0 15.8 14.5 5.0 2.5 2 0 2 3 3
-340.7 5672.9 -6.3 29 0 12.0 30.7 10.0 0.0 0 0 4 1 1
-21.2 5561.3 -2.3 299 0 18.9 6.4 2.5 2.5 2 0 1 4 4
-342.4 5882.3 -3.4 31 0 12.3 13.2 7.0 0.0 0 1 2 5 5
48.5 5543.3 -2.9 120 0 9.2 10.2 7.5 2.5 2 1 3 2 2
-11.7 5683.9 -6.0 46 0 9.0 10.9 7.5 2.5 2 1 3 5 5
-31.6 5664.7 -5.0 48 0 8.5 8.7 7.5 2.5 2 1 3 3 3
-708.7 5930.9 -2.4 115 0 13.8 17.6 2.5 2.5 2 0 1 3 3
-448.7 5819.5 -4.6 300 0 12.8 16.9 5.0 2.5 2 0 2 3 3
-529.2 5859.4 -3.9 211 0 22.1 16.1 7.5 2.5 2 0 3 0 0
-310.4 5687.5 -5.6 304 0 18.0 22.7 7.5 2.5 2 1 3 5 5
-678.3 5966.6 -2.1 120 0 25.1 15.7 7.5 2.5 2 0 3 0 0
3730.9 3937.6 -1.0 258 0 6.5 11.5 5.0 2.5 2 1 2 3 3
3579.1 4050.2 -7.1 310 0 8.8 34.7 7.5 2.5 2 1 3 4 4
3471.1 3912.4 -6.9 246 0 7.5 16.3 5.0 2.5 2 1 2 5 5
3586.1 3995.2 -6.0 158 0 12.6 27.0 10.0 0.0 0 1 4 2 2
3651.2 3970.6 -1.9 1 0 11.9 20.9 7.5 0.0 0 1 3 5 5
3710.5 3873.5 -1.3 39 0 6.6 9.4 7.5 2.5 2 1 3 2 2
3703.0 3897.3 -1.2 193 0 6.2 10.0 7.5 2.5 2 1 3 3 3
3719.5 3931.1 -1.1 239 0 6.3 10.3 7.5 2.5 2 1 3 3 3
3704.5 3907.5 -1.2 194 0 6.0 9.9 7.5 2.5 2 1 3 2 2
3583.4 4026.2 -6.2 84 0 6.1 7.6 5.0 2.5 2 1 2 4 4
3741.8 3934.5 -1.0 268 0 6.5 10.9 7.5 2.5 4 1 3 0 0
3761.3 3915.2 -1.2 92 0 6.6 10.6 7.5 0.0 0 1 3 5 5
3897.2 3886.2 -3.3 244 0 6.3 10.5 5.0 2.5 2 1 2 0 0
3883.0 3862.9 -3.1 243 0 5.8 10.3 2.5 2.5 2 0 1 5 5
3868.1 3874.5 -1.4 348 0 7.3 9.6 5.0 2.5 2 1 2 3 3
3934.3 3930.5 -2.2 331 0 8.6 26.4 7.5 2.5 2 1 3 5 5
3861.8 3884.7 -0.3 344 0 7.3 9.9 5.0 2.5 2 1 2 5 5
3949.2 3876.7 -5.4 314 0 6.7 9.9 7.5 2.5 2 1 3 5 5
3932.6 3888.6 -4.5 283 0 5.6 11.5 7.5 0.0 0 0 3 2 2
3959.0 3843.9 -7.2 38 0 9.9 5.1 5.0 2.5 2 0 2 0 0
3951.0 3864.3 -6.0 327 0 7.0 9.6 5.0 2.5 2 1 2 4 4
3910.2 3881.8 -4.1 244 0 6.2 10.4 5.0 2.5 2 1 2 3 3
3953.5 3919.9 -4.3 171 0 6.5 8.8 5.0 2.5 2 1 2 1 1
3785.9 3984.5 0.3 252 0 6.7 12.5 5.0 2.5 2 1 2 3 3
3778.3 3972.2 0.1 250 0 6.4 10.1 5.0 2.5 2 1 2 1 1
3724.6 4085.8 -0.2 6 0 10.7 10.6 7.5 2.5 2 0 3 3 3
3816.0 4188.7 -2.4 89 0 6.1 9.3 5.0 2.5 2 0 2 2 2
3720.9 4105.6 -0.7 273 0 9.6 10.9 5.0 2.5 2 1 2 2 2
3807.5 3991.9 0.4 301 0 4.6 11.1 7.5 2.5 2 0 3 2 2
3864.3 3894.6 0.5 348 0 6.2 8.3 7.5 2.5 2 1 3 2 2
3864.0 3909.3 0.4 317 0 6.9 9.9 5.0 2.5 2 1 2 4 4
3861.7 4125.5 -0.8 327 0 27.1 29.9 7.5 0.0 0 0 3 4 4
3879.0 4108.9 -0.8 327 0 19.1 35.9 7.5 0.0 0 0 3 1 1
3734.6 4070.6 0.2 320 0 17.2 29.9 10.0 2.5 4 1 4 4 4
2104.5 3747.6 -2.7 185 0 9.7 14.6 2.5 2.5 2 1 1 3 3
2138.7 3494.2 -3.4 182 0 8.2 10.7 5.0 2.5 2 1 2 2 2
2135.9 3443.8 -5.4 181 0 8.5 6.1 7.5 2.5 2 0 3 5 5
-783.1 6159.6 1.1 11 0 8.7 22.1 3.5 2.5 2 0 1 0 0
2621.8 2085.4 1.5 56 0 8.1 27.4 7.5 2.5 4 1 3 0 0
2472.4 2012.4 0.3 72 0 14.5 24.5 7.5 2.5 2 1 3 0 0
2651.7 2020.4 2.0 340 0 29.3 6.2 7.5 2.5 2 0 3 5 5
-679.7 5810.0 -4.9 298 0 20.1 10.2 5.0 2.5 2 0 2 3 3
4107.3 3361.4 -0.9 23 0 22.5 22.8 7.5 2.5 2 1 3 0 0
3871.6 3412.6 -1.6 34 0 18.0 24.5 7.5 2.5 2 1 3 0 0
3902.6 3296.9 -1.2 333 0 20.6 14.6 10.0 2.5 2 0 4 1 1
4104.7 3391.0 -0.8 113 0 10.7 13.8 5.0 2.5 2 1 2 3 3
4072.7 3370.2 -1.0 109 0 11.9 8.6 7.5 2.5 2 0 3 3 3
4060.8 3374.0 -1.1 106 0 12.8 16.5 7.5 2.5 2 0 3 0 0
4146.9 3260.7 -1.0 307 0 11.4 22.7 10.0 2.5 2 1 4 3 3
3913.0 3958.2 -0.8 324 0 6.8 9.5 7.5 2.5 2 1 3 1 1
3925.5 3951.7 -1.2 346 0 8.8 7.2 2.5 2.5 2 0 1 5 5
4173.3 3324.4 -0.3 311 0 8.1 25.3 5.0 2.5 2 1 2 1 1
4177.3 3336.7 -0.1 222 0 18.5 8.6 5.0 2.5 2 0 2 5 5
4216.7 3367.9 -0.0 313 0 12.2 30.3 7.5 2.5 2 1 3 2 2
4364.6 3320.4 -3.9 65 0 36.5 16.4 7.5 2.5 2 0 3 1 1
4352.5 3310.8 -6.4 245 0 13.7 29.9 10.0 0.0 0 1 4 2 2
4319.2 3310.8 0.3 243 0 11.6 7.1 2.5 2.5 2 0 1 0 0
4174.1 3248.6 -0.7 126 0 11.5 7.8 5.0 2.5 4 0 2 5 5
4158.4 3262.2 -0.6 131 0 13.9 15.5 10.0 0.0 0 1 4 2 2
4249.4 3303.2 -0.3 317 0 7.5 27.4 7.5 2.5 2 1 3 2 2
4227.1 3250.9 -5.5 247 0 20.3 14.8 12.5 2.5 2 0 5 0 0
4012.9 3372.2 -1.5 206 0 26.8 10.1 7.5 2.5 2 0 3 2 2
4020.7 3343.1 -1.5 118 0 13.6 15.8 10.5 2.5 2 1 3 5 5
3900.1 3253.4 -1.6 153 0 31.2 15.2 7.5 2.5 2 0 3 5 5
-656.1 5845.8 -1.1 121 0 18.8 16.9 10.0 2.5 2 0 4 1 1
