-6810.7 -3702.7 -11.6 129 0 10.2 14.4 7.5 2.5 2 1 3 2 2
-6868.8 -3715.2 -11.7 90 0 11.2 6.1 7.5 2.5 2 0 3 3 3
-3809.5 -1793.4 0.1 296 0 13.3 18.3 2.5 2.5 2 1 1 1 1
-3798.2 -1583.7 4.4 110 0 10.8 10.8 2.5 0.0 0 1 1 0 0
-3801.5 -1560.6 4.6 198 0 10.0 12.4 5.0 2.5 2 1 2 3 3
-3798.7 -1548.8 4.6 197 0 12.0 12.4 5.0 2.5 2 1 2 4 4
-3708.5 -1792.2 0.4 200 0 30.1 11.0 10.0 2.5 2 0 4 0 0
-2814.1 -1191.8 -5.6 75 0 10.2 14.5 7.5 2.5 2 1 3 0 0
-2846.9 -1158.0 -3.8 167 0 10.2 11.0 5.0 2.5 2 1 2 5 5
-2848.8 -1273.8 -7.2 76 0 17.2 6.3 5.0 2.5 2 0 2 4 4
-2846.3 -1240.0 -7.1 164 0 13.5 20.0 10.0 2.5 2 1 4 0 0
-2680.6 -1514.4 -0.8 110 0 10.7 12.9 2.5 2.5 2 1 1 0 0
-2667.2 -1483.4 0.0 291 0 13.8 17.7 5.0 2.5 2 1 2 1 1
-2599.2 -1499.0 -0.6 282 0 11.4 19.0 10.0 2.5 2 1 4 1 1
-2595.1 -1494.5 0.1 114 0 11.1 17.1 7.5 2.5 2 1 3 3 3
-5663.6 -2543.7 -0.5 305 0 6.9 11.1 7.5 2.5 2 1 3 3 3
-5617.5 -2470.6 -3.6 13 0 15.0 12.3 10.0 2.5 2 0 4 3 3
-5579.3 -2569.8 -5.5 195 0 14.7 19.7 12.5 2.5 2 1 5 1 1
-5577.5 -2619.5 -0.3 107 0 13.8 18.1 5.0 2.5 2 1 2 3 3
-3791.9 -1494.5 4.4 15 0 7.6 12.4 2.5 2.5 2 1 1 0 0
-3675.3 -1773.8 -0.3 288 0 13.5 22.0 15.0 0.0 0 1 6 1 1
-3783.8 -1497.6 4.7 195 0 14.1 6.2 7.5 2.5 2 0 3 3 3
-3852.0 -1534.9 5.5 198 0 11.4 13.4 5.0 2.5 2 1 2 0 0
-3716.6 -1891.0 -5.8 292 0 8.8 10.7 7.5 2.5 2 1 3 3 3
-3690.5 -1837.3 -4.7 298 0 18.4 18.7 10.0 0.0 0 1 4 2 2
