-4118.9 1913.1 -0.1 106 0 27.3 18.9 7.5 2.5 2 0 3 0 0
-4450.2 2035.1 -2.3 186 0 14.9 24.1 12.5 2.5 2 1 5 3 3
-4506.4 1990.3 -5.3 188 0 11.3 23.9 10.0 2.5 2 1 4 0 0
-4422.5 1959.9 -1.1 99 0 39.3 15.9 7.5 0.0 0 0 3 5 5
-4677.0 2079.1 -4.1 2 0 15.4 39.1 12.5 2.5 2 1 5 4 4
-4761.6 2130.0 -3.6 182 0 15.3 39.1 10.0 2.5 2 1 4 0 0
-4740.0 2159.4 -3.0 272 0 40.0 15.6 7.5 2.5 2 0 3 2 2
232.9 -2888.6 -4.6 36 0 13.9 21.2 7.5 2.5 2 1 3 1 1
182.0 -2889.1 -4.6 201 0 13.9 31.7 7.5 0.0 0 1 3 5 5
-4003.4 1906.6 0.6 84 0 15.2 7.3 7.5 2.5 2 0 3 0 0
-3981.8 1903.6 1.0 89 0 12.3 8.6 2.5 2.5 2 0 1 5 5
-4161.6 1985.6 1.4 191 0 10.8 31.1 10.0 2.5 2 1 4 0 0
-3873.9 1903.7 1.1 244 0 6.4 13.1 7.5 2.5 2 1 3 0 0
-4360.1 2032.4 -0.4 341 0 17.4 18.8 7.5 2.5 2 1 3 1 1
-4044.1 1966.9 0.7 219 0 15.0 19.2 12.5 0.0 0 1 5 1 1
-3947.2 1935.3 1.9 314 0 6.6 13.9 5.0 2.5 2 1 2 0 0
-3974.3 1943.2 1.6 314 0 6.6 13.9 7.5 2.5 2 1 3 4 4
-3991.2 1949.0 1.1 314 0 6.6 13.9 7.5 2.5 2 1 3 1 1
-3999.3 1953.7 1.0 314 0 6.6 13.9 7.5 2.5 2 1 3 1 1
-4188.2 1929.9 0.3 108 0 10.2 11.2 7.5 2.5 2 1 3 1 1
-4223.7 1947.3 1.9 92 0 10.2 11.2 5.0 2.5 2 1 2 3 3
-4249.7 1952.3 1.5 92 0 10.2 11.2 10.0 2.5 2 1 4 5 5
-4275.3 1954.6 0.8 92 0 10.2 11.2 7.5 2.5 2 1 3 0 0
-4288.5 1957.4 0.6 92 0 10.2 11.2 5.0 2.5 2 1 2 4 4
-4328.1 1960.4 -0.5 84 0 10.2 11.2 10.0 2.5 2 1 4 1 1
-4346.5 1998.0 -0.4 264 0 10.2 11.2 5.0 0.0 0 1 2 3 3
-4320.0 1999.0 0.0 264 0 10.2 11.2 5.0 0.0 0 1 2 5 5
-4307.2 1999.1 0.4 264 0 10.2 11.2 2.5 2.5 2 1 1 2 2
-4292.2 1998.6 0.8 272 0 10.2 11.2 7.5 2.5 2 1 3 2 2
-4266.7 1994.8 1.3 272 0 10.2 11.2 7.5 2.5 2 1 3 1 1
-4254.1 1994.1 1.7 270 0 10.2 11.2 5.0 2.5 2 1 2 4 4
-4224.1 1988.1 2.2 352 0 11.2 10.2 5.0 2.5 2 0 2 4 4
-4351.5 1950.8 -0.8 74 0 10.4 14.9 7.5 0.0 0 1 3 5 5
-4377.1 1932.2 -1.8 66 0 6.5 13.9 5.0 0.0 0 1 2 5 5
-4389.2 1929.3 -2.2 83 0 6.5 13.9 7.5 2.5 2 1 3 0 0
-4405.6 1926.3 -2.4 83 0 6.5 13.9 5.0 2.5 4 1 2 1 1
-4413.8 1924.9 -2.5 83 0 6.5 13.9 5.0 0.0 0 1 2 2 2
-4422.6 1923.6 -2.5 83 0 6.6 13.9 5.0 0.0 0 1 2 0 0
-4439.5 1920.7 -3.1 83 0 6.5 13.9 5.0 2.5 2 1 2 4 4
-4448.1 1920.3 -3.6 83 0 6.5 13.9 5.0 2.5 2 1 2 0 0
-4510.1 1913.3 -5.7 83 0 6.5 13.9 5.0 2.5 2 1 2 2 2
-4386.8 2082.5 -3.4 280 0 6.5 13.9 7.5 2.5 4 1 3 4 4
-4394.4 2084.5 -3.1 280 0 6.5 13.9 2.5 2.5 4 1 1 5 5
-4414.0 2099.7 -4.2 296 0 6.5 13.9 7.5 2.5 2 1 3 3 3
-4426.3 2109.6 -4.8 306 0 6.5 13.9 7.5 0.0 0 1 3 3 3
-4449.0 2115.3 -5.2 152 0 6.6 13.9 2.5 0.0 0 1 1 5 5
-4452.8 2126.5 -5.4 163 0 6.6 13.9 5.0 0.0 0 1 2 1 1
-4456.6 2135.3 -5.7 163 0 6.6 13.9 5.0 0.0 0 1 2 0 0
-4464.6 2159.5 -5.8 163 0 6.6 13.9 2.5 2.5 2 1 1 4 4
-4466.1 2168.4 -5.8 163 0 6.6 13.9 2.5 2.5 2 1 1 5 5
-4468.5 2177.1 -5.8 163 0 6.6 13.9 7.5 2.5 2 1 3 5 5
-4470.7 2185.4 -5.8 163 0 6.6 13.9 2.5 2.5 2 1 1 1 1
-4479.9 2228.2 -5.9 163 0 6.6 13.9 7.5 2.5 2 1 3 0 0
-4488.0 2270.8 -5.9 166 0 6.6 13.9 5.0 2.5 2 1 2 5 5
-4489.6 2279.1 -5.9 166 0 6.6 13.9 5.0 2.5 4 1 2 2 2
-4364.2 2073.9 -3.3 280 0 6.5 13.9 7.5 2.5 4 1 3 5 5
-4356.7 2072.2 -3.2 280 0 6.6 13.9 5.0 2.5 2 1 2 4 4
-4412.2 2037.3 -1.2 276 0 21.6 13.5 12.5 0.0 0 0 5 0 0
-4485.9 2053.0 -4.7 186 0 30.1 19.8 10.0 2.5 2 0 4 4 4
-4446.3 2047.9 -2.2 189 0 5.9 18.1 5.0 2.5 2 1 2 0 0
-4508.5 1958.3 -4.7 192 0 21.6 35.0 12.5 0.0 0 1 5 2 2
-4473.4 2016.3 -3.8 127 0 7.2 18.0 7.5 0.0 0 1 3 4 4
-4503.3 2046.1 -5.7 185 0 12.7 8.5 5.0 0.0 0 0 2 3 3
-4011.0 1955.5 1.1 314 0 6.6 13.9 7.5 2.5 2 1 3 5 5
