4686.8 5611.8 -5.1 339 0 9.8 7.5 5.0 0.0 0 0 2 5 5
4732.6 5459.8 -7.0 126 0 5.4 9.5 5.0 2.5 2 1 2 2 2
4655.2 5594.1 -5.7 161 0 9.2 15.5 7.5 2.5 2 0 3 4 4
4655.4 5585.6 -5.2 161 0 7.1 20.3 7.5 2.5 2 0 3 2 2
4666.7 5559.8 -4.0 189 0 5.5 8.6 5.0 2.5 5 1 2 5 5
787.6 -2270.4 1.6 359 0 12.0 9.4 7.5 2.5 2 0 3 0 0
787.6 -2655.7 -1.9 5 0 12.6 11.3 7.5 2.5 2 0 3 5 5
740.6 -2250.9 1.4 270 0 9.6 30.4 7.5 2.5 2 1 3 2 2
844.0 -2386.3 -1.3 18 0 13.7 9.7 5.0 2.5 2 0 2 4 4
826.6 -2470.3 -1.1 198 0 14.4 16.0 5.0 2.5 2 1 2 2 2
724.3 -2534.8 0.9 271 0 11.1 9.2 7.5 0.0 0 0 3 5 5
773.1 -2482.1 0.9 92 0 11.7 8.3 7.5 2.5 2 0 3 3 3
805.7 -2586.3 0.2 192 0 11.6 13.8 7.5 2.5 2 1 3 2 2
722.4 -2333.5 0.3 179 0 9.6 12.0 5.0 2.5 2 1 2 3 3
760.6 -2309.2 1.0 360 0 15.0 13.2 5.0 0.0 0 0 2 5 5
797.4 -2587.8 0.5 359 0 8.4 8.7 2.5 2.5 2 1 1 2 2
716.4 -2367.3 -0.1 90 0 12.2 9.0 7.5 2.5 2 0 3 4 4
760.1 -2240.3 2.5 268 0 25.0 7.6 7.5 2.5 2 0 3 1 1
715.5 -2513.4 0.6 93 0 11.4 13.1 5.0 2.5 2 1 2 1 1
806.5 -2572.1 -0.0 192 0 12.2 22.7 7.5 2.5 2 1 3 3 3
726.8 -2509.6 1.0 92 0 7.1 9.5 5.0 2.5 2 1 2 5 5
737.8 -2535.6 1.4 275 0 11.8 10.5 7.5 2.5 2 0 3 3 3
720.4 -2710.4 -3.3 178 0 5.3 11.5 5.0 2.5 4 1 2 5 5
761.3 -2249.3 1.9 270 0 10.4 19.8 5.0 0.0 0 1 2 5 5
715.5 -2315.6 0.1 180 0 9.8 5.3 5.0 0.0 0 0 2 1 1
726.2 -2479.5 1.2 90 0 12.6 7.1 5.0 2.5 2 0 2 4 4
819.8 -2488.6 -0.5 194 0 13.2 14.2 5.0 2.5 2 1 2 4 4
778.8 -2402.5 0.2 359 0 6.3 9.0 5.0 2.5 2 1 2 2 2
755.5 -2425.0 0.6 181 0 9.7 12.8 7.5 2.5 4 1 3 3 3
761.1 -2435.5 0.7 179 0 8.4 9.3 2.5 2.5 4 1 1 4 4
710.1 -2437.1 0.4 266 0 13.5 11.3 7.5 2.5 2 0 3 0 0
746.1 -2433.8 1.1 0 0 16.2 13.1 5.0 2.5 2 0 2 2 2
796.2 -2522.1 0.8 359 0 15.3 8.5 7.5 0.0 0 0 3 2 2
801.8 -2473.9 0.0 178 0 6.8 8.1 7.5 2.5 2 1 3 1 1
