3751.9 4911.1 0.3 152 0 15.6 9.8 7.5 2.5 2 0 3 3 3
3718.9 5017.9 -0.6 175 0 15.6 9.8 7.5 2.5 2 0 3 4 4
3741.7 4927.5 -0.3 160 0 15.6 9.8 5.0 2.5 2 0 2 0 0
3731.5 5063.5 1.0 214 0 15.6 9.9 2.5 0.0 0 0 1 0 0
3834.8 4949.3 0.4 359 0 15.6 9.8 7.5 2.5 2 0 3 5 5
3735.5 4948.6 -0.6 160 0 15.6 9.8 7.5 2.5 2 0 3 4 4
3804.8 5159.1 -5.9 359 0 16.3 17.1 10.0 2.5 2 1 4 0 0
3842.4 4887.2 -0.7 2 0 15.6 9.8 7.5 2.5 2 0 3 0 0
3834.0 4857.2 -4.9 176 0 15.6 9.8 5.0 2.5 2 0 2 1 1
3814.3 4872.7 -1.4 29 0 9.9 15.6 7.5 2.5 2 1 3 1 1
3839.1 4929.2 0.4 350 0 15.6 9.8 5.0 2.5 2 0 2 3 3
3820.2 4866.3 -2.3 263 0 9.8 15.6 5.0 2.5 2 1 2 3 3
3831.7 5233.1 -8.3 358 0 14.7 15.6 7.5 2.5 2 1 3 3 3
3783.8 4878.2 -0.5 97 0 15.6 9.9 7.5 0.0 0 0 3 1 1
3806.2 5044.2 1.2 350 0 15.6 9.8 5.0 2.5 2 0 2 3 3
3721.2 5042.3 0.1 194 0 15.6 9.8 5.0 2.5 2 0 2 0 0
3843.0 4908.0 0.3 1 0 15.6 9.8 7.5 2.5 2 0 3 1 1
3724.3 4971.8 -0.8 150 0 15.6 9.9 7.5 2.5 2 0 3 3 3
3766.9 4897.2 0.3 144 0 15.6 9.9 7.5 2.5 2 0 3 0 0
6665.1 6030.0 -2.6 97 0 14.6 72.7 10.0 2.5 2 1 4 3 3
6752.8 6113.4 -8.7 4 0 15.4 27.2 12.5 2.5 2 1 5 2 2
3758.5 5077.9 1.9 178 0 22.2 22.5 10.0 0.0 0 1 4 3 3
3751.6 5057.0 1.5 172 0 7.8 21.0 7.5 2.5 2 1 3 2 2
3817.9 5098.7 -1.0 207 0 7.7 8.1 5.0 2.5 2 1 2 3 3
