-3519.0 6796.4 -3.6 242 0 12.1 10.3 7.5 2.5 2 0 3 5 5
-3579.1 6803.1 -4.7 248 0 9.4 11.4 5.0 2.5 2 1 2 1 1
-3519.8 6711.1 -5.2 157 0 9.0 13.7 2.5 2.5 2 1 1 4 4
-3529.4 6830.9 -2.8 246 0 9.4 11.4 2.5 0.0 0 1 1 0 0
-3543.0 6658.7 -6.8 153 0 9.9 9.1 5.0 2.5 2 0 2 2 2
-3414.0 6728.9 -4.1 347 0 13.6 12.0 7.5 2.5 2 0 3 4 4
-3526.6 6639.6 -6.6 132 0 9.8 11.5 5.0 2.5 2 1 2 4 4
-3451.7 6767.6 -4.0 327 0 11.5 9.3 7.5 2.5 4 0 3 1 1
-3463.8 6606.4 -6.1 97 0 9.8 10.9 5.0 2.5 2 1 2 3 3
-3456.7 6783.5 -3.7 208 0 8.9 10.2 7.5 0.0 0 1 3 1 1
-3427.9 6606.8 -6.0 96 0 9.8 10.9 5.0 2.5 2 1 2 0 0
-3466.9 6819.1 -3.1 244 0 13.6 10.6 5.0 2.5 2 0 2 2 2
-3472.0 6761.2 -4.1 242 0 17.8 10.4 10.0 0.0 0 0 4 2 2
-3386.3 6643.1 -6.4 19 0 9.8 10.1 5.0 2.5 2 1 2 0 0
-3549.2 6820.6 -3.5 246 0 9.4 11.4 5.0 2.5 2 1 2 2 2
-3378.3 6675.8 -5.5 12 0 9.8 10.1 5.0 2.5 2 1 2 1 1
-3475.5 6849.7 -2.2 255 0 9.4 11.4 5.0 2.5 2 1 2 5 5
-3502.1 6741.9 -4.2 158 0 12.6 9.7 7.5 2.5 2 0 3 1 1
-3518.5 6835.8 -2.6 252 0 9.4 11.4 5.0 2.5 2 1 2 5 5
-3527.0 6730.2 -5.2 153 0 8.8 8.4 2.5 2.5 2 0 1 0 0
-3538.7 6725.0 -5.7 150 0 8.5 8.2 7.5 2.5 4 0 3 2 2
-3417.3 6605.2 -6.1 96 0 9.8 10.9 5.0 2.5 2 1 2 4 4
-3415.5 6797.4 -3.6 309 0 7.1 7.2 5.0 2.5 2 1 2 3 3
-3558.5 6815.3 -3.9 246 0 9.4 11.4 5.0 2.5 2 1 2 4 4
-3562.1 6714.3 -6.5 156 0 9.8 12.6 5.0 0.0 0 1 2 5 5
-3380.0 6816.6 -4.7 331 0 32.0 16.5 10.0 2.5 2 0 4 1 1
-3439.4 6609.0 -5.8 94 0 9.8 10.9 5.0 2.5 2 1 2 1 1
-3508.8 6624.4 -6.2 124 0 9.8 11.5 5.0 0.0 0 1 2 1 1
-3473.0 6660.5 -4.8 98 0 35.5 35.7 10.0 0.0 0 1 4 1 1
-3578.6 6756.2 -5.9 156 0 9.8 12.6 5.0 2.5 2 1 2 3 3
-3386.2 6774.3 -4.9 345 0 34.9 15.3 12.5 0.0 0 0 5 0 0
-3587.9 6777.4 -5.4 155 0 10.2 12.4 5.0 2.5 2 1 2 1 1
-3584.2 6766.2 -5.7 154 0 10.0 12.9 5.0 2.5 4 1 2 5 5
-3373.5 6707.1 -5.6 2 0 15.3 11.7 5.0 2.5 2 0 2 2 2
-3411.1 6707.1 -4.1 355 0 24.0 13.7 10.0 2.5 2 0 4 3 3
-3380.3 6665.2 -5.9 13 0 9.8 10.1 5.0 2.5 2 1 2 5 5
-3401.1 6697.6 -4.4 82 0 7.9 35.4 7.5 2.5 2 1 3 5 5
-3474.0 6795.7 -3.8 239 0 19.3 15.8 7.5 2.5 2 0 3 1 1
-3349.1 6715.4 -6.7 8 0 18.5 13.4 12.5 2.5 4 0 5 2 2
