-2750.1 -2892.0 1.1 16 0 15.6 13.4 2.5 2.5 2 0 1 3 3
-2736.0 -2844.6 -2.1 196 0 17.4 10.2 5.0 0.0 0 0 2 5 5
-2756.2 -2804.5 -5.2 156 0 18.1 17.7 12.5 2.5 2 0 5 2 2
-2768.9 -2775.7 -4.0 15 0 15.3 33.6 10.0 2.5 2 1 4 4 4
-2745.1 -2760.3 -5.0 243 0 19.1 19.1 10.0 2.5 2 0 4 1 1
-2757.1 -2768.7 -4.3 285 0 19.6 20.7 10.0 2.5 2 1 4 1 1
-2717.5 -2785.4 -5.9 333 0 18.8 18.0 10.0 2.5 2 0 4 3 3
-2808.5 -3175.4 -4.7 167 0 18.5 18.7 12.5 2.5 2 1 5 5 5
-2823.1 -2989.4 3.4 180 0 25.6 11.0 10.0 2.5 2 0 4 3 3
-2707.2 -2716.5 0.5 108 0 26.3 10.7 10.0 2.5 2 0 4 5 5
-2785.2 -3057.9 0.2 187 0 6.7 11.8 5.0 2.5 2 1 2 5 5
-2787.7 -3076.3 -0.3 191 0 6.7 12.5 2.5 2.5 2 1 1 1 1
-2789.5 -3097.0 -1.0 193 0 5.6 12.3 7.5 2.5 2 1 3 4 4
-2786.3 -3067.3 -0.0 189 0 6.2 11.9 7.5 2.5 2 1 3 4 4
-2773.5 -2957.3 1.2 203 0 9.1 10.3 5.0 2.5 4 1 2 2 2
-2777.5 -2970.3 1.2 205 0 10.7 9.8 7.5 2.5 2 0 3 3 3
-2768.0 -2945.4 1.1 205 0 10.4 9.5 7.5 2.5 2 0 3 4 4
-2785.4 -3026.5 1.1 189 0 6.5 9.0 5.0 2.5 2 1 2 0 0
-2787.6 -3011.7 1.4 191 0 7.0 9.7 5.0 0.0 0 1 2 2 2
-2781.7 -2982.5 1.4 196 0 6.9 10.1 7.5 2.5 2 1 3 2 2
-3015.1 -2730.4 0.3 338 0 8.8 10.5 7.5 0.0 0 1 3 1 1
-2983.0 -2840.1 -0.2 5 0 10.9 12.1 2.5 2.5 2 1 1 3 3
-2983.9 -2815.5 -0.2 1 0 8.5 10.1 7.5 2.5 4 1 3 4 4
-2934.7 -2990.8 2.0 6 0 7.9 10.2 7.5 2.5 2 1 3 4 4
-2989.9 -2789.8 0.7 0 0 8.0 9.9 5.0 2.5 2 1 2 5 5
-2942.9 -2938.8 1.8 349 0 8.7 12.5 7.5 2.5 2 1 3 2 2
-2958.8 -2898.7 1.1 347 0 8.6 11.1 5.0 0.0 0 1 2 3 3
-2999.7 -2763.9 1.3 342 0 9.3 8.5 5.0 0.0 0 0 2 3 3
-2929.7 -3025.7 0.9 353 0 7.6 12.5 2.5 2.5 2 1 1 3 3
-2915.8 -3058.1 1.1 338 0 7.8 10.0 7.5 2.5 2 1 3 5 5
-2992.2 -2777.9 1.2 360 0 9.7 9.4 7.5 2.5 2 0 3 1 1
-2920.6 -3047.5 1.1 343 0 8.4 11.0 5.0 2.5 2 1 2 4 4
-2964.3 -2886.5 0.9 347 0 7.7 12.0 5.0 2.5 2 1 2 3 3
-2925.2 -3037.1 1.0 350 0 9.3 11.7 7.5 0.0 0 1 3 5 5
-3033.9 -2717.5 -0.4 255 0 11.3 8.6 5.0 0.0 0 0 2 1 1
-2909.5 -3069.4 0.5 341 0 8.9 12.3 7.5 2.5 2 1 3 5 5
-2956.0 -2909.6 1.2 342 0 9.7 10.3 5.0 2.5 4 1 2 0 0
-3009.4 -2739.1 0.7 333 0 7.6 9.0 5.0 0.0 0 1 2 2 2
-2882.7 -3110.7 -0.4 320 0 8.6 12.0 5.0 2.5 2 1 2 4 4
-2891.7 -3100.3 -0.3 333 0 8.3 10.2 5.0 2.5 2 1 2 5 5
-3007.9 -2652.2 -0.9 37 0 10.1 10.0 5.0 2.5 2 0 2 5 5
-3046.9 -2709.4 -1.0 100 0 7.9 9.6 2.5 2.5 2 1 1 4 4
-3034.1 -2686.0 -0.7 126 0 9.2 10.7 7.5 2.5 4 1 3 2 2
-2999.6 -2640.9 -0.9 37 0 9.3 9.8 2.5 2.5 4 1 1 0 0
-2934.5 -2596.0 -0.0 68 0 9.1 12.4 7.5 2.5 2 1 3 1 1
-2928.7 -2579.5 -0.2 243 0 9.5 12.4 7.5 0.0 0 1 3 5 5
-2944.3 -2602.3 0.2 69 0 9.3 11.5 2.5 0.0 0 1 1 2 2
-3035.2 -2695.0 -0.9 36 0 9.7 9.9 5.0 0.0 0 1 2 1 1
-2993.0 -2629.8 -0.9 36 0 9.4 9.0 5.0 0.0 0 0 2 1 1
-3014.6 -2662.6 -0.7 33 0 7.8 10.4 7.5 2.5 2 1 3 1 1
-2840.0 -2999.6 3.2 269 0 8.4 16.6 2.5 2.5 2 1 1 0 0
