-1634.7 -1263.0 3.3 199 0 25.0 11.4 12.5 2.5 2 0 5 4 4
5281.5 -1190.1 -1.6 33 0 9.9 17.4 5.0 0.0 0 1 2 4 4
5414.1 -931.9 -1.9 114 0 10.7 32.7 10.0 2.5 2 1 4 4 4
-1756.4 -1588.2 -0.7 199 0 26.7 28.4 10.0 0.0 0 1 4 2 2
-6047.3 910.1 -2.3 178 0 39.5 32.4 14.0 0.0 0 0 4 2 2
-6885.1 962.1 -2.3 10 0 17.0 14.6 14.0 3.5 2 0 4 1 1
-6878.6 973.7 -1.8 184 0 7.1 12.3 10.5 0.0 0 1 3 5 5
-6885.4 1018.0 -2.8 10 0 10.1 12.1 14.0 3.5 2 1 4 5 5
-5901.1 673.7 -4.4 359 0 9.3 12.5 2.5 2.5 2 1 1 2 2
-5890.1 720.7 -4.6 89 0 12.4 26.0 10.0 2.5 2 1 4 1 1
-5860.9 698.4 -3.9 0 0 7.5 9.9 7.5 2.5 2 1 3 2 2
-5876.8 665.5 -4.2 271 0 12.1 14.8 5.0 2.5 2 1 2 3 3
-5877.2 702.7 -4.2 271 0 10.7 15.6 5.0 2.5 2 1 2 1 1
-5821.7 677.9 -3.1 267 0 9.3 12.2 7.5 0.0 0 1 3 5 5
-5832.9 715.6 -3.8 267 0 7.2 15.6 5.0 2.5 2 1 2 5 5
-5838.6 679.7 -3.3 269 0 11.4 14.0 5.0 2.5 2 1 2 2 2
-5786.1 798.8 -5.3 86 0 43.1 24.4 15.0 0.0 0 0 6 3 3
-5835.5 873.9 -5.4 179 0 26.9 14.0 5.0 0.0 0 0 2 2 2
-5853.8 849.2 -4.9 358 0 10.4 14.3 5.0 0.0 0 1 2 0 0
-5856.9 863.4 -4.9 356 0 8.4 15.4 7.5 2.5 2 1 3 0 0
-5906.5 959.1 -3.7 87 0 8.6 12.8 7.5 0.0 0 1 3 3 3
-5892.0 946.5 -4.4 267 0 9.3 13.5 2.5 2.5 2 1 1 4 4
-5936.7 886.5 -4.0 265 0 11.3 14.9 14.0 3.5 4 1 4 4 4
-5920.2 903.2 -4.2 86 0 9.1 23.8 10.5 3.5 4 1 3 0 0
-5761.5 973.4 -6.3 86 0 32.2 19.9 7.5 0.0 0 0 3 0 0
-6108.9 920.3 0.6 268 0 20.9 27.6 14.0 3.5 4 1 4 4 4
-6167.1 800.4 -1.1 274 0 12.1 16.7 14.0 3.5 2 1 4 1 1
-6137.2 729.2 -1.4 88 0 12.4 8.8 10.5 3.5 4 0 3 4 4
-6098.6 730.8 -1.2 88 0 9.4 7.6 10.5 3.5 2 0 3 2 2
-6081.7 766.4 -1.0 271 0 11.4 18.0 14.0 3.5 2 1 4 1 1
-6046.0 642.1 -0.7 360 0 10.2 9.9 10.5 3.5 2 0 3 2 2
-6044.7 686.8 -0.4 357 0 31.6 8.2 10.5 0.0 0 0 3 0 0
-6030.0 677.8 -0.9 183 0 18.1 9.0 10.5 3.5 2 0 3 1 1
-5964.0 739.9 -2.2 269 0 20.6 32.2 7.5 0.0 0 1 3 2 2
-5972.2 938.1 -3.7 176 0 15.4 11.5 10.5 3.5 2 0 3 2 2
