-3958.9 -3921.1 -2.4 167 0 10.9 25.3 10.0 2.5 2 1 4 4 4
-3920.3 -3845.2 -3.2 210 0 10.3 21.5 5.0 2.5 2 1 2 0 0
-3938.3 -3862.4 -2.6 270 0 10.7 30.2 5.0 2.5 2 1 2 5 5
6866.9 -1877.8 -8.9 297 0 21.6 17.3 10.0 2.5 2 0 4 5 5
-4127.0 -4039.5 -2.2 179 0 12.2 19.2 5.0 2.5 2 1 2 2 2
-4174.2 -3900.4 -2.5 180 0 17.0 7.8 7.5 0.0 0 0 3 4 4
-4127.6 -4010.4 -2.4 89 0 11.8 43.6 10.0 2.5 2 1 4 4 4
-4101.0 -3880.0 -1.2 269 0 38.9 11.2 10.0 2.5 2 0 4 1 1
-4127.0 -3893.6 -2.0 269 0 11.6 55.7 7.5 2.5 2 1 3 4 4
-4082.5 -3956.2 -1.8 359 0 11.0 36.4 7.5 2.5 2 1 3 1 1
-4075.0 -3892.2 -1.1 269 0 11.3 56.9 7.5 2.5 2 1 3 3 3
-4134.2 -4063.5 -3.4 301 0 7.5 12.9 7.5 2.5 2 1 3 4 4
-4141.5 -4058.2 -3.4 305 0 7.5 12.9 5.0 2.5 4 1 2 2 2
-4124.2 -4068.2 -3.5 295 0 7.5 12.9 7.5 2.5 2 1 3 1 1
-3914.5 -3920.6 -2.8 260 0 10.5 5.1 5.0 2.5 2 0 2 3 3
-3870.6 -3922.3 -4.6 194 0 7.5 12.8 5.0 0.0 0 1 2 0 0
-3875.7 -3942.6 -4.0 196 0 7.5 12.8 7.5 2.5 2 1 3 0 0
-3881.5 -3963.8 -3.6 197 0 7.5 12.8 7.5 0.0 0 1 3 0 0
-3884.6 -3973.2 -3.7 197 0 7.5 12.8 2.5 2.5 2 1 1 1 1
-3878.5 -3997.3 -3.9 19 0 6.6 12.8 7.5 2.5 4 1 3 4 4
-3913.4 -4030.5 -4.1 217 0 7.5 12.8 7.5 2.5 2 1 3 1 1
-3919.2 -4038.5 -4.2 225 0 7.5 12.9 5.0 2.5 2 1 2 0 0
-3941.7 -4059.8 -4.4 234 0 7.5 12.9 7.5 2.5 2 1 3 4 4
-3958.8 -4070.0 -4.4 245 0 7.5 12.9 5.0 0.0 0 1 2 3 3
-3979.8 -4080.2 -4.6 250 0 7.5 12.9 5.0 0.0 0 1 2 0 0
-3988.5 -4084.4 -4.6 253 0 7.5 12.9 2.5 2.5 2 1 1 2 2
-3998.9 -4087.4 -4.6 257 0 7.4 12.9 7.5 2.5 2 1 3 4 4
-4019.1 -4089.9 -4.4 267 0 7.4 12.9 7.5 2.5 2 1 3 1 1
-4030.4 -4089.5 -4.2 270 0 7.5 12.9 5.0 2.5 2 1 2 1 1
-4053.3 -4089.7 -3.9 271 0 7.5 12.9 5.0 2.5 2 1 2 2 2
-4064.3 -4090.6 -4.0 277 0 7.5 12.9 7.5 0.0 0 1 3 5 5
-4094.8 -4083.3 -3.8 294 0 7.5 12.9 5.0 0.0 0 1 2 1 1
-4104.8 -4079.1 -3.8 295 0 7.5 12.9 7.5 2.5 2 1 3 2 2
-4157.2 -4045.2 -3.5 313 0 7.5 12.9 5.0 2.5 4 1 2 0 0
-4165.0 -4036.2 -3.6 315 0 7.5 12.9 5.0 0.0 0 1 2 0 0
-4178.1 -4019.3 -4.0 318 0 7.5 12.9 5.0 2.5 2 1 2 1 1
-4197.9 -3992.6 -4.3 328 0 7.5 12.8 5.0 2.5 2 1 2 4 4
-4208.8 -3903.3 -3.9 15 0 7.5 12.8 5.0 2.5 2 1 2 5 5
-4205.7 -3891.7 -3.8 15 0 7.5 12.8 2.5 2.5 2 1 1 1 1
-4201.5 -3879.5 -3.7 17 0 7.5 12.8 7.5 2.5 4 1 3 0 0
-4202.1 -3862.5 -3.5 287 0 9.7 7.5 2.5 2.5 4 0 1 4 4
-4169.0 -3939.1 -2.7 181 0 4.6 11.5 7.5 2.5 2 1 3 2 2
-4153.6 -3882.1 -2.1 270 0 23.0 9.2 2.5 2.5 2 0 1 0 0
-4165.7 -3914.9 -2.4 180 0 9.2 23.0 5.0 2.5 2 1 2 2 2
-2110.0 -3466.0 -5.7 78 0 15.6 32.9 12.5 2.5 2 1 5 5 5
-2567.5 -2121.2 1.9 283 0 12.3 9.5 5.0 2.5 2 0 2 5 5
-2131.5 -3506.2 -4.0 151 0 19.3 23.7 7.5 2.5 2 1 3 3 3
5340.9 -1535.1 -5.3 199 0 14.6 9.5 7.5 2.5 2 0 3 4 4
5158.1 -1193.3 -4.9 118 0 9.6 27.9 7.5 2.5 2 1 3 0 0
5127.7 -1207.6 -5.6 212 0 14.1 22.7 5.0 2.5 2 1 2 2 2
5035.1 -1178.5 -6.1 129 0 12.6 12.1 5.0 2.5 2 0 2 2 2
5150.9 -1109.2 0.1 297 0 14.2 11.7 5.0 2.5 2 0 2 2 2
5167.9 -1115.8 -0.2 301 0 13.9 15.0 5.0 2.5 2 1 2 1 1
5252.8 -1153.0 -0.4 296 0 18.2 15.9 7.5 2.5 2 0 3 1 1
5238.0 -1009.8 1.5 206 0 16.0 10.4 5.0 2.5 2 0 2 5 5
5218.0 -1062.8 3.3 204 0 14.3 13.5 2.5 2.5 4 0 1 3 3
5207.4 -1085.7 3.5 204 0 14.3 13.9 5.0 0.0 0 0 2 5 5
4951.5 -1181.3 -6.4 301 0 13.1 16.3 10.0 2.5 2 1 4 3 3
4932.8 -1214.0 -6.5 302 0 11.8 10.0 5.0 2.5 2 0 2 5 5
4884.1 -1237.0 -6.7 298 0 12.3 27.3 10.0 2.5 2 1 4 2 2
4977.0 -1257.2 -6.8 209 0 8.0 9.3 5.0 2.5 2 1 2 1 1
4972.0 -1275.2 -6.9 299 0 10.7 8.3 5.0 2.5 2 0 2 5 5
4989.3 -1293.6 -7.1 282 0 8.9 8.0 7.5 2.5 2 0 3 4 4
4990.6 -1334.8 -7.5 103 0 9.4 37.5 7.5 2.5 2 1 3 5 5
4955.7 -1295.8 -7.2 210 0 20.2 11.5 10.0 2.5 2 0 4 4 4
4942.1 -1317.7 -7.4 212 0 20.4 13.1 7.5 2.5 2 0 3 2 2
4978.9 -1363.9 -8.4 27 0 13.2 16.0 7.5 2.5 2 1 3 1 1
5101.8 -1416.2 -5.6 30 0 14.5 21.8 10.0 2.5 4 1 4 5 5
5151.8 -1432.2 -6.1 30 0 13.7 12.6 7.5 2.5 2 0 3 4 4
5327.8 -1393.5 -3.4 290 0 10.4 14.1 2.5 2.5 2 1 1 1 1
5292.4 -1475.9 -3.8 199 0 6.1 8.4 7.5 2.5 2 1 3 3 3
5333.2 -1463.7 -4.3 113 0 23.3 14.1 7.5 2.5 2 0 3 2 2
5454.8 -1398.5 -5.5 293 0 10.6 9.2 7.5 2.5 2 0 3 5 5
5403.8 -1483.6 -5.5 22 0 9.1 10.7 5.0 2.5 2 1 2 5 5
5394.2 -1507.7 -5.6 27 0 9.1 10.5 7.5 2.5 2 1 3 2 2
5437.5 -1542.8 -7.1 111 0 12.1 14.9 5.0 2.5 2 1 2 1 1
6884.5 -2027.1 -10.2 304 0 11.2 9.3 7.5 0.0 0 0 3 1 1
6754.5 -1954.9 -9.7 297 0 9.7 18.9 7.5 2.5 2 1 3 5 5
6808.0 -1966.8 -9.7 295 0 12.3 14.3 2.5 2.5 2 1 1 0 0
6914.5 -1988.7 -9.7 116 0 12.1 31.2 7.5 2.5 2 1 3 5 5
6806.1 -1951.5 -9.4 116 0 29.9 12.3 15.0 0.0 0 0 6 4 4
6850.6 -1908.5 -9.4 297 0 12.6 45.1 10.0 2.5 2 1 4 3 3
-259.8 2423.0 -4.2 298 0 10.4 11.5 5.0 0.0 0 1 2 4 4
-278.2 2405.1 -5.1 224 0 11.8 7.4 2.5 2.5 4 0 1 0 0
-306.9 2380.9 -6.8 32 0 20.2 6.9 5.0 2.5 2 0 2 1 1
-241.1 2374.7 -5.3 112 0 12.5 6.8 5.0 2.5 2 0 2 4 4
-320.2 2593.2 1.1 290 0 10.4 13.4 5.0 2.5 2 1 2 2 2
-295.9 2581.9 1.1 290 0 6.4 10.0 5.0 2.5 2 1 2 4 4
-312.5 2569.2 0.6 202 0 14.5 9.5 5.0 2.5 2 0 2 1 1
-149.3 2477.5 1.1 115 0 12.5 13.1 5.0 2.5 2 1 2 5 5
-43.9 2527.6 0.8 115 0 7.5 11.6 5.0 2.5 2 1 2 4 4
-67.4 2428.6 -0.4 288 0 5.4 13.7 5.0 2.5 2 1 2 0 0
-176.3 2317.4 -1.5 201 0 7.8 11.7 5.0 2.5 2 1 2 3 3
-181.9 2299.9 -2.1 290 0 9.6 8.9 7.5 2.5 2 0 3 1 1
-199.7 2291.2 -3.8 22 0 17.6 10.0 5.0 2.5 2 0 2 2 2
-195.5 2281.9 -3.4 198 0 12.7 14.5 10.0 2.5 2 1 4 5 5
-757.2 2719.5 1.5 23 0 7.9 10.8 5.0 2.5 2 1 2 0 0
-794.2 2754.0 0.7 296 0 11.4 11.3 7.5 2.5 4 0 3 1 1
-731.4 2761.7 3.3 199 0 11.1 5.2 2.5 2.5 2 0 1 2 2
-779.6 2823.4 2.5 206 0 14.6 10.8 5.0 2.5 2 0 2 2 2
-744.0 2803.7 2.7 22 0 26.0 24.2 12.5 0.0 0 0 5 1 1
-293.1 2488.4 -2.0 11 0 11.8 11.0 5.0 2.5 2 0 2 5 5
-295.7 2503.8 -1.1 115 0 9.6 11.1 5.0 2.5 4 1 2 0 0
-330.5 2521.3 -1.3 205 0 13.7 12.4 7.5 0.0 0 0 3 5 5
-188.3 2552.0 2.0 286 0 7.3 15.2 5.0 0.0 0 1 2 5 5
-196.7 2479.4 -0.4 123 0 13.9 10.8 5.0 2.5 2 0 2 5 5
-64.4 2485.1 2.6 206 0 11.7 11.3 5.0 2.5 2 0 2 5 5
-63.3 2304.3 -2.5 112 0 13.6 12.6 7.5 2.5 2 0 3 2 2
-67.1 2372.5 -1.6 298 0 10.1 14.2 5.0 2.5 2 1 2 3 3
4847.9 -1131.7 -6.0 298 0 9.4 10.0 7.5 2.5 4 1 3 0 0
4870.4 -1168.4 -6.2 27 0 14.4 9.6 5.0 2.5 2 0 2 2 2
4818.9 -1192.8 -6.2 118 0 17.3 12.0 5.0 2.5 2 0 2 1 1
4794.1 -1221.1 -5.4 209 0 40.0 15.0 10.0 2.5 2 0 4 1 1
4772.0 -1210.7 -4.1 28 0 8.0 7.5 7.5 2.5 2 0 3 5 5
4824.0 -1120.6 -5.9 295 0 13.6 9.7 5.0 2.5 2 0 2 0 0
4809.9 -1146.4 -6.0 118 0 6.6 12.7 7.5 0.0 0 1 3 2 2
4968.8 -1150.7 -6.2 302 0 11.0 11.4 5.0 2.5 4 1 2 2 2
4950.5 -1165.1 -6.3 208 0 11.5 7.8 5.0 2.5 4 0 2 0 0
4963.9 -1183.0 -6.4 120 0 12.8 11.3 5.0 2.5 4 0 2 5 5
4989.6 -1277.7 -6.9 114 0 17.0 7.4 5.0 2.5 4 0 2 0 0
5027.6 -1286.4 -7.0 31 0 13.0 12.6 5.0 2.5 2 0 2 0 0
5030.8 -1310.0 -7.3 299 0 8.7 7.7 5.0 2.5 2 0 2 3 3
5099.7 -1248.1 -6.5 300 0 13.4 14.8 7.5 2.5 4 1 3 3 3
5114.5 -1399.6 -5.7 22 0 12.1 9.1 2.5 2.5 4 0 1 5 5
5139.9 -1346.4 -6.4 26 0 11.4 8.5 5.0 2.5 2 0 2 3 3
5143.9 -1331.8 -6.4 19 0 11.8 13.9 5.0 2.5 2 1 2 1 1
5202.4 -1414.9 -5.0 110 0 8.7 11.6 7.5 2.5 2 1 3 3 3
5278.7 -1441.2 -3.4 108 0 10.0 12.3 7.5 2.5 4 1 3 3 3
5409.2 -1285.0 -1.4 20 0 13.2 12.9 2.5 0.0 0 0 1 3 3
4915.7 -1078.2 -5.3 120 0 12.7 13.2 5.0 2.5 2 1 2 2 2
4929.0 -1051.8 -4.9 303 0 10.9 9.1 2.5 2.5 2 0 1 4 4
4887.4 -1062.7 -5.0 121 0 12.1 14.7 7.5 0.0 0 1 3 3 3
4892.4 -1018.1 -4.1 29 0 15.3 16.9 10.0 2.5 2 1 4 0 0
4854.2 -1014.1 -4.7 299 0 15.0 11.2 10.0 2.5 2 0 4 3 3
4854.8 -1046.9 -4.6 118 0 5.1 10.3 5.0 2.5 2 1 2 4 4
4841.3 -1079.2 -5.3 120 0 18.6 14.5 10.0 0.0 0 0 4 5 5
4836.9 -1046.0 -5.0 297 0 13.6 6.9 7.5 2.5 2 0 3 5 5
4824.6 -1076.7 -5.5 300 0 15.3 15.4 5.0 2.5 2 1 2 1 1
4823.7 -1110.2 -5.8 119 0 8.7 12.2 7.5 2.5 2 1 3 1 1
4891.9 -1131.8 -6.0 27 0 12.4 8.7 5.0 2.5 2 0 2 3 3
4909.6 -1171.6 -6.3 294 0 9.2 7.6 7.5 2.5 4 0 3 0 0
5128.4 -1509.1 -7.7 117 0 6.9 12.8 5.0 2.5 2 1 2 0 0
5122.3 -1375.4 -5.8 300 0 8.7 9.5 2.5 2.5 2 1 1 2 2
5146.3 -1294.8 -6.3 114 0 13.0 10.4 5.0 2.5 2 0 2 0 0
5170.3 -1305.5 -6.0 202 0 13.6 10.1 10.0 2.5 2 0 4 2 2
5228.8 -1346.5 -5.2 121 0 9.2 9.9 7.5 2.5 2 1 3 2 2
5272.9 -1341.8 -4.6 22 0 9.7 10.7 5.0 2.5 2 1 2 0 0
5251.3 -1465.8 -3.5 107 0 10.0 5.7 7.5 2.5 2 0 3 0 0
5237.6 -1452.4 -3.8 201 0 8.9 9.2 5.0 0.0 0 1 2 2 2
5250.1 -1401.9 -4.3 19 0 9.0 10.3 2.5 2.5 2 1 1 1 1
5056.0 -1101.1 -2.8 34 0 18.5 10.8 7.5 2.5 2 0 3 3 3
5072.4 -1203.0 -6.2 303 0 11.2 10.5 10.0 2.5 4 0 4 1 1
5105.7 -1211.0 -5.8 120 0 7.5 7.9 7.5 2.5 2 1 3 5 5
5117.0 -1239.4 -6.1 200 0 13.1 10.5 5.0 2.5 2 0 2 0 0
5126.0 -1095.3 0.5 303 0 10.0 12.1 7.5 2.5 2 1 3 4 4
5156.5 -1036.2 4.2 28 0 16.7 10.7 5.0 2.5 2 0 2 0 0
5117.5 -1152.0 -3.8 209 0 10.3 11.2 2.5 2.5 2 1 1 2 2
5128.5 -1158.1 -3.8 204 0 10.1 11.4 5.0 2.5 2 1 2 4 4
5141.3 -1185.7 -5.0 121 0 6.7 18.5 5.0 2.5 2 1 2 4 4
5166.4 -1152.1 -2.6 300 0 10.4 12.3 5.0 2.5 2 1 2 3 3
5215.9 -1137.0 -0.4 296 0 12.8 13.9 7.5 0.0 0 1 3 5 5
5279.4 -1077.8 2.3 202 0 7.0 10.5 5.0 2.5 2 1 2 0 0
5261.3 -1110.1 3.3 203 0 14.2 12.0 7.5 2.5 2 0 3 3 3
5259.9 -1231.9 -3.5 25 0 12.1 13.6 5.0 2.5 2 1 2 5 5
5290.5 -1213.6 -2.3 26 0 21.9 11.7 12.5 2.5 2 0 5 1 1
5290.5 -1277.4 -4.2 19 0 11.9 14.5 2.5 2.5 2 1 1 4 4
5291.2 -1329.0 -4.4 111 0 10.7 14.5 2.5 2.5 2 1 1 3 3
5269.3 -1322.8 -4.8 112 0 15.0 17.6 7.5 2.5 2 1 3 1 1
5229.1 -1325.4 -5.3 204 0 10.9 10.4 5.0 2.5 2 0 2 0 0
5214.8 -1379.8 -5.1 111 0 8.6 11.3 5.0 2.5 2 1 2 0 0
5261.1 -1368.8 -4.4 22 0 9.1 9.3 7.5 2.5 2 1 3 2 2
5297.2 -1382.6 -3.9 20 0 12.0 6.9 5.0 2.5 2 0 2 1 1
5304.4 -1400.0 -3.6 18 0 10.2 10.0 10.0 2.5 2 0 4 1 1
5367.5 -1454.8 -4.8 202 0 10.5 12.0 2.5 2.5 2 1 1 3 3
5503.8 -1478.8 -7.2 287 0 10.4 10.8 2.5 2.5 4 1 1 5 5
5516.5 -1465.4 -7.2 110 0 8.7 12.0 2.5 2.5 4 1 1 4 4
5537.3 -1449.3 -7.1 19 0 11.5 18.6 5.0 2.5 2 1 2 5 5
5549.2 -1338.9 -6.0 293 0 13.4 12.9 2.5 2.5 2 0 1 5 5
5592.7 -1420.5 -6.4 111 0 10.1 12.9 5.0 2.5 2 1 2 4 4
5591.4 -1430.0 -6.7 287 0 12.0 11.1 7.5 2.5 2 0 3 2 2
5590.1 -1455.1 -7.0 19 0 9.9 12.6 5.0 2.5 2 1 2 5 5
-230.6 2415.1 -3.5 127 0 9.4 7.8 2.5 2.5 4 0 1 2 2
5345.2 -1386.8 -3.7 113 0 36.1 19.1 12.5 0.0 0 0 5 2 2
6001.9 -1580.1 -5.4 112 0 17.7 17.0 10.0 2.5 2 0 4 1 1
5609.3 -1621.8 -7.5 22 0 13.1 10.7 2.5 0.0 0 0 1 0 0
5618.4 -1584.2 -7.8 292 0 10.7 13.1 5.0 2.5 2 1 2 0 0
5625.1 -1625.5 -7.8 22 0 13.1 10.7 5.0 2.5 2 0 2 3 3
5630.9 -1611.8 -7.8 22 0 13.1 10.7 2.5 0.0 0 0 1 4 4
5633.8 -1589.3 -7.9 292 0 10.7 13.1 7.5 2.5 2 1 3 4 4
5643.1 -1576.6 -8.1 22 0 13.1 10.7 7.5 0.0 0 0 3 3 3
5629.1 -1538.4 -8.1 202 0 13.1 10.7 7.5 2.5 2 0 3 1 1
5649.2 -1561.6 -8.2 22 0 13.1 10.7 2.5 2.5 2 0 1 0 0
5659.7 -1654.6 -7.9 19 0 13.7 10.7 7.5 2.5 2 0 3 2 2
5670.7 -1625.1 -8.3 19 0 13.7 10.7 2.5 2.5 2 0 1 0 0
5658.6 -1597.7 -8.2 289 0 10.7 13.7 10.0 2.5 2 1 4 3 3
5640.6 -1631.2 -8.1 199 0 13.7 10.7 7.5 2.5 4 0 3 0 0
5676.1 -1596.0 -8.4 109 0 10.7 13.7 7.5 2.5 2 1 3 2 2
5688.9 -1576.4 -8.4 19 0 13.7 10.7 7.5 2.5 2 0 3 5 5
5669.1 -1552.5 -8.4 199 0 13.7 10.7 7.5 2.5 4 0 3 5 5
5712.1 -1512.3 -7.9 19 0 13.7 10.7 7.5 2.5 4 0 3 4 4
5687.6 -1502.7 -7.8 199 0 13.7 10.7 2.5 2.5 2 0 1 3 3
5705.6 -1468.9 -7.3 289 0 10.7 13.7 5.0 2.5 2 1 2 1 1
5736.2 -1446.7 -6.7 19 0 13.7 10.7 7.5 2.5 2 0 3 0 0
5708.6 -1460.4 -6.9 109 0 10.7 13.7 2.5 2.5 4 1 1 0 0
5683.0 -1451.7 -6.8 109 0 10.7 13.7 7.5 2.5 2 1 3 1 1
5695.7 -1432.6 -6.6 19 0 13.7 10.7 5.0 0.0 0 0 2 1 1
5668.5 -1446.6 -6.7 109 0 10.7 13.7 7.5 2.5 2 1 3 5 5
5671.1 -1424.0 -6.5 199 0 13.7 10.7 7.5 2.5 2 0 3 2 2
5676.8 -1409.1 -6.2 199 0 13.7 10.7 10.0 2.5 2 0 4 0 0
5663.5 -1380.1 -5.9 289 0 10.7 13.7 5.0 2.5 2 1 2 3 3
5648.9 -1375.0 -5.8 289 0 10.7 13.7 5.0 2.5 2 1 2 0 0
5660.7 -1403.4 -6.1 19 0 13.7 10.7 10.0 2.5 2 0 4 2 2
5655.7 -1418.0 -6.4 19 0 13.7 10.7 2.5 2.5 2 0 1 3 3
5628.6 -1431.4 -6.5 109 0 10.7 13.7 5.0 2.5 2 1 2 3 3
5631.1 -1408.7 -6.3 199 0 13.7 10.7 5.0 2.5 2 0 2 3 3
5636.6 -1394.2 -6.1 199 0 13.7 10.7 5.0 2.5 4 0 2 5 5
5619.4 -1501.9 -7.7 109 0 10.7 13.7 5.0 2.5 2 1 2 2 2
5632.0 -1482.5 -7.5 19 0 13.7 10.7 2.5 2.5 2 0 1 0 0
5637.3 -1468.0 -7.2 19 0 13.7 10.7 5.0 2.5 2 0 2 5 5
5612.9 -1459.2 -7.1 199 0 13.7 10.7 5.0 2.5 2 0 2 4 4
5625.6 -1439.7 -6.9 289 0 10.7 13.7 5.0 2.5 2 1 2 3 3
5601.4 -1504.3 -7.9 289 0 10.7 13.7 7.5 2.5 2 1 3 1 1
5583.8 -1538.2 -7.8 199 0 13.7 10.7 10.0 2.5 2 0 4 2 2
5581.3 -1561.1 -7.7 109 0 10.7 13.7 7.5 2.5 2 1 3 3 3
5613.3 -1532.8 -8.0 19 0 13.7 10.7 7.5 2.5 2 0 3 2 2
5592.5 -1574.0 -7.6 289 0 10.7 13.7 5.0 2.5 2 1 2 1 1
5568.0 -1531.9 -7.7 19 0 13.7 10.7 7.5 2.5 4 0 3 3 3
5530.8 -1541.4 -7.4 109 0 10.7 13.7 10.0 0.0 0 1 4 0 0
5541.5 -1555.4 -7.3 289 0 10.7 13.7 5.0 2.5 2 1 2 2 2
5527.1 -1549.4 -7.3 289 0 10.7 13.7 2.5 2.5 2 1 1 3 3
5520.4 -1612.4 -7.0 109 0 10.7 13.7 5.0 2.5 2 1 2 3 3
5514.4 -1569.3 -7.2 199 0 13.7 10.7 7.5 2.5 2 0 3 2 2
5509.5 -1583.6 -7.1 199 0 13.7 10.7 5.0 2.5 2 0 2 1 1
5506.4 -1606.8 -7.0 109 0 10.7 13.7 2.5 2.5 4 1 1 2 2
5659.1 -1516.7 -7.9 110 0 10.2 13.6 5.0 2.5 2 1 2 4 4
5671.5 -1497.7 -7.7 20 0 13.6 10.2 7.5 0.0 0 0 3 0 0
5676.8 -1482.8 -7.5 20 0 13.6 10.2 5.0 2.5 2 0 2 1 1
4000.2 -467.2 -3.2 354 0 26.2 15.7 10.0 2.5 2 0 4 5 5
4171.5 -571.9 -3.0 308 0 43.6 10.8 7.5 2.5 2 0 3 5 5
4222.8 -665.7 -3.8 121 0 10.7 10.1 2.5 2.5 2 0 1 0 0
4259.9 -713.8 -2.7 157 0 10.1 10.7 5.0 2.5 2 1 2 0 0
4291.3 -740.0 -2.7 325 0 10.7 10.1 5.0 2.5 2 0 2 5 5
4304.8 -758.1 -3.0 337 0 10.1 10.7 5.0 2.5 2 1 2 2 2
4354.7 -894.4 -6.1 144 0 69.5 20.0 10.0 2.5 2 0 4 4 4
4433.1 -951.9 -7.9 56 0 25.9 11.3 12.5 2.5 2 0 5 3 3
4409.5 -939.1 -6.9 146 0 11.3 25.9 10.0 2.5 2 1 4 4 4
4417.9 -870.0 -6.4 234 0 14.5 77.8 10.0 2.5 2 1 4 1 1
4396.2 -873.7 -5.6 237 0 14.0 30.6 7.5 2.5 2 1 3 4 4
4391.6 -865.1 -5.0 325 0 11.0 10.4 7.5 0.0 0 0 3 0 0
4365.7 -830.7 -4.4 323 0 31.8 9.3 7.5 2.5 4 0 3 3 3
4702.3 -1087.0 -4.6 27 0 11.6 17.7 5.0 2.5 2 1 2 4 4
4708.5 -903.8 -5.1 27 0 10.9 13.6 10.0 2.5 2 1 4 3 3
4698.4 -916.0 -5.3 27 0 13.1 11.1 7.5 2.5 2 0 3 4 4
4968.4 -986.2 1.4 27 0 14.1 10.3 7.5 2.5 2 0 3 5 5
4948.1 -975.2 1.3 207 0 14.1 10.3 5.0 2.5 2 0 2 3 3
4981.6 -948.6 0.8 297 0 10.3 14.1 2.5 2.5 2 1 1 4 4
4970.4 -942.3 0.8 297 0 10.3 14.1 10.0 2.5 2 1 4 1 1
4973.5 -935.8 0.3 117 0 10.3 14.1 7.5 2.5 2 1 3 3 3
5000.1 -923.4 0.0 27 0 14.1 10.3 5.0 2.5 2 0 2 2 2
4986.7 -898.6 -0.3 207 0 14.1 10.3 10.0 2.5 2 0 4 0 0
4994.1 -884.9 -0.7 207 0 14.1 10.3 5.0 2.5 2 0 2 3 3
5022.2 -881.1 -1.0 27 0 14.1 10.3 5.0 2.5 2 0 2 5 5
4975.4 -893.7 -0.4 27 0 13.2 11.3 5.0 2.5 2 0 2 0 0
4968.3 -907.4 -0.1 27 0 13.2 11.3 7.5 2.5 2 0 3 4 4
4961.4 -921.1 0.3 27 0 13.2 11.3 5.0 2.5 2 0 2 4 4
4944.2 -955.9 0.8 27 0 13.2 11.3 2.5 2.5 2 0 1 4 4
5013.6 -954.7 0.5 208 0 15.6 41.3 12.5 2.5 2 1 5 4 4
4980.1 -985.0 -0.6 209 0 100.4 10.3 12.5 2.5 2 0 5 5 5
5008.1 -1055.1 -0.3 117 0 88.3 9.6 7.5 2.5 2 0 3 4 4
5084.1 -1031.4 2.8 28 0 50.2 28.3 10.0 0.0 0 0 4 1 1
5355.7 -1308.0 -2.7 200 0 13.2 12.9 2.5 2.5 4 0 1 0 0
5454.7 -1379.0 -5.4 200 0 13.2 12.9 10.0 2.5 4 0 4 3 3
5528.3 -1355.5 -6.1 203 0 12.9 13.4 7.5 2.5 2 1 3 1 1
5407.0 -1458.6 -5.4 293 0 10.8 14.6 7.5 2.5 2 1 3 1 1
4709.1 -948.7 -5.5 120 0 16.8 13.2 7.5 2.5 2 0 3 1 1
4743.9 -941.9 -4.8 30 0 13.2 16.8 2.5 2.5 2 1 1 1 1
4747.8 -923.2 -4.2 27 0 10.9 13.6 7.5 2.5 2 1 3 1 1
4783.2 -963.4 -4.6 30 0 13.2 16.8 5.0 2.5 2 1 2 0 0
4820.5 -1002.9 -4.7 119 0 22.5 9.3 7.5 2.5 2 0 3 3 3
4805.4 -973.0 -4.3 208 0 11.3 20.0 5.0 2.5 2 1 2 0 0
4838.0 -974.7 -3.7 29 0 12.9 30.4 7.5 2.5 2 1 3 5 5
4956.1 -1104.8 -5.9 299 0 12.3 6.6 5.0 2.5 2 0 2 3 3
4870.5 -1213.4 -6.5 117 0 20.6 13.6 10.0 2.5 2 0 4 1 1
5101.3 -1341.8 -6.7 126 0 16.4 14.9 5.0 2.5 2 0 2 5 5
5063.9 -1313.8 -7.1 111 0 12.6 10.8 7.5 2.5 2 0 3 1 1
5086.1 -1239.8 -6.5 301 0 12.9 10.3 5.0 2.5 2 0 2 4 4
5092.1 -1195.2 -5.8 212 0 9.9 9.9 7.5 2.5 2 0 3 2 2
5119.0 -1132.0 -2.0 31 0 10.0 11.1 2.5 2.5 2 1 1 2 2
5126.1 -1119.0 -0.8 27 0 11.9 18.1 2.5 2.5 2 1 1 5 5
5063.2 -1103.8 -2.2 208 0 8.9 14.8 7.5 2.5 2 1 3 0 0
5158.4 -1102.4 1.7 112 0 12.8 14.3 5.0 2.5 2 1 2 0 0
5201.9 -1058.5 3.7 22 0 14.3 12.8 5.0 0.0 0 0 2 3 3
5203.6 -1030.9 3.1 290 0 11.5 15.5 2.5 2.5 4 1 1 4 4
5230.0 -990.4 1.3 27 0 12.4 12.9 7.5 2.5 2 1 3 3 3
5209.1 -1022.1 2.2 118 0 16.0 16.1 7.5 2.5 4 1 3 4 4
5214.9 -1164.6 -1.6 26 0 12.0 22.5 12.5 0.0 0 1 5 2 2
5289.5 -1119.9 3.4 23 0 14.2 12.0 5.0 0.0 0 0 2 2 2
5270.0 -1094.0 2.9 203 0 14.2 12.0 5.0 2.5 2 0 2 4 4
5369.2 -894.8 -3.6 208 0 13.1 11.4 7.5 0.0 0 0 3 3 3
5353.2 -884.8 -3.7 204 0 19.2 11.7 2.5 2.5 2 0 1 0 0
5427.5 -941.0 -3.1 27 0 22.9 12.3 10.0 2.5 2 0 4 5 5
5390.8 -881.2 -3.9 292 0 12.9 9.1 5.0 2.5 2 0 2 4 4
5406.0 -889.6 -3.9 284 0 15.5 7.6 5.0 2.5 2 0 2 4 4
5338.9 -867.8 -3.9 20 0 14.0 26.7 7.5 2.5 2 1 3 4 4
5290.8 -973.6 -0.7 24 0 24.2 13.0 7.5 2.5 2 0 3 3 3
5290.0 -1019.9 0.0 201 0 11.8 21.7 12.5 2.5 2 1 5 0 0
5296.9 -1041.4 0.5 204 0 15.7 8.7 5.0 2.5 2 0 2 3 3
5304.6 -1082.5 2.0 26 0 10.4 12.9 5.0 2.5 2 1 2 1 1
5361.4 -1046.9 0.5 293 0 12.0 14.2 2.5 2.5 2 1 1 1 1
5377.7 -1080.2 0.8 203 0 14.2 12.0 7.5 2.5 2 0 3 4 4
5351.8 -1088.1 1.5 23 0 14.2 12.0 5.0 2.5 2 0 2 4 4
5370.4 -1159.2 2.9 26 0 10.4 12.9 5.0 2.5 2 1 2 4 4
5378.3 -1144.0 2.3 25 0 13.4 14.5 5.0 0.0 0 1 2 0 0
5357.2 -1072.8 1.1 23 0 14.2 12.0 7.5 2.5 2 0 3 0 0
5371.0 -1093.0 1.3 206 0 10.4 12.9 2.5 2.5 4 1 1 4 4
5455.2 -1138.6 0.9 27 0 12.7 18.6 5.0 2.5 2 1 2 0 0
5418.5 -1089.7 0.5 206 0 21.2 11.8 5.0 2.5 2 0 2 2 2
5508.5 -1127.8 -0.4 294 0 25.0 16.8 7.5 2.5 2 0 3 4 4
5473.6 -1272.7 -1.4 20 0 11.2 15.8 5.0 2.5 2 1 2 2 2
5444.1 -1251.5 -0.3 200 0 12.2 16.9 5.0 2.5 2 1 2 3 3
5481.7 -1354.2 -4.5 110 0 12.9 13.2 2.5 2.5 2 1 1 2 2
5465.0 -1470.3 -6.5 110 0 12.9 13.2 10.0 2.5 2 1 4 3 3
5421.4 -1423.1 -5.3 290 0 12.9 13.2 5.0 2.5 2 1 2 5 5
5391.2 -1405.5 -4.5 110 0 12.9 13.2 7.5 2.5 2 1 3 3 3
5432.9 -1389.0 -5.1 290 0 12.9 13.2 5.0 2.5 2 1 2 4 4
5424.0 -1417.4 -5.2 110 0 12.9 13.2 5.0 2.5 4 1 2 4 4
5573.4 -1484.8 -7.5 109 0 12.6 9.9 7.5 2.5 2 0 3 3 3
5572.5 -1413.6 -6.5 109 0 13.2 19.0 10.0 0.0 0 1 4 0 0
5446.0 -1423.7 -5.6 110 0 13.1 14.0 7.5 0.0 0 1 3 1 1
5377.7 -1272.5 -1.6 200 0 13.2 12.9 2.5 2.5 4 0 1 2 2
5524.0 -1301.7 -4.0 19 0 12.2 32.0 10.0 2.5 4 1 4 3 3
5541.1 -1210.3 -2.5 20 0 13.2 12.9 7.5 2.5 2 0 3 1 1
5602.2 -1311.1 -5.5 202 0 20.3 9.1 7.5 2.5 4 0 3 4 4
5594.7 -1330.0 -5.6 203 0 10.8 9.1 7.5 2.5 2 0 3 4 4
5554.8 -1290.5 -4.9 204 0 11.0 16.9 2.5 0.0 0 1 1 5 5
5597.8 -1248.7 -4.8 23 0 14.6 10.8 2.5 2.5 2 0 1 5 5
5565.4 -1239.6 -4.1 201 0 21.6 14.0 10.0 2.5 2 0 4 3 3
5584.8 -1215.6 -4.6 204 0 10.5 11.8 7.5 2.5 2 1 3 0 0
5615.2 -1203.9 -5.3 21 0 11.4 10.7 2.5 2.5 2 0 1 3 3
5599.3 -1163.6 -4.2 291 0 13.0 15.9 10.0 2.5 2 1 4 2 2
5573.6 -1185.4 -3.3 26 0 13.8 10.5 7.5 2.5 2 0 3 5 5
5521.7 -1231.8 -2.2 111 0 6.9 10.6 7.5 2.5 2 1 3 1 1
5541.0 -1230.9 -2.7 23 0 14.6 10.8 2.5 2.5 2 0 1 0 0
5517.2 -1398.3 -6.6 293 0 10.8 14.6 5.0 2.5 2 1 2 5 5
5562.4 -1367.7 -6.2 23 0 12.9 13.4 5.0 0.0 0 1 2 3 3
5211.6 -1206.7 -4.0 205 0 12.1 13.6 7.5 2.5 2 1 3 2 2
4828.6 -1164.2 -6.2 294 0 10.8 12.5 5.0 2.5 2 1 2 2 2
5234.5 -1046.7 2.8 296 0 12.6 12.5 5.0 2.5 2 0 2 0 0
5301.4 -1301.8 -4.1 200 0 16.8 14.6 5.0 2.5 2 0 2 2 2
5320.5 -1109.6 2.7 295 0 14.5 13.4 7.5 2.5 2 0 3 2 2
5325.4 -1137.1 3.2 23 0 9.6 8.8 5.0 2.5 2 0 2 2 2
5338.1 -1125.9 2.7 26 0 10.4 12.9 5.0 2.5 2 1 2 2 2
5451.6 -1508.1 -6.7 111 0 12.1 14.9 7.5 2.5 2 1 3 3 3
5443.5 -1430.4 -5.7 291 0 11.3 12.7 5.0 2.5 2 1 2 5 5
5476.3 -1442.6 -6.5 290 0 12.9 13.2 10.0 2.5 2 1 4 5 5
5486.3 -1429.4 -6.3 18 0 11.5 19.0 10.0 0.0 0 1 4 0 0
5487.6 -1406.4 -6.2 290 0 12.9 13.2 5.0 2.5 2 1 2 1 1
5481.7 -1395.6 -5.9 110 0 12.9 13.2 5.0 2.5 2 1 2 1 1
5443.5 -1370.7 -4.7 20 0 13.2 12.9 5.0 2.5 4 0 2 2 2
5438.2 -1340.5 -3.0 110 0 9.3 22.5 5.0 0.0 0 1 2 5 5
5565.4 -1493.4 -7.7 292 0 20.3 14.1 5.0 2.5 2 0 2 3 3
5041.6 -1449.2 -7.6 213 0 13.4 18.1 5.0 2.5 2 1 2 2 2
4909.5 -1260.2 -6.8 299 0 19.7 7.1 5.0 2.5 2 0 2 2 2
4970.1 -1234.8 -6.7 298 0 12.6 10.3 7.5 2.5 2 0 3 5 5
5012.1 -1178.9 -6.4 28 0 10.3 12.6 2.5 2.5 2 1 1 3 3
5026.4 -1139.9 -6.0 302 0 11.0 11.4 5.0 2.5 2 1 2 4 4
5044.2 -1118.5 -4.3 31 0 9.8 12.1 5.0 2.5 2 1 2 5 5
4976.4 -1101.6 -5.9 38 0 8.7 8.4 7.5 2.5 2 0 3 0 0
4909.7 -1204.5 -6.5 294 0 9.2 7.6 5.0 2.5 2 0 2 1 1
4898.7 -1148.6 -6.1 117 0 14.3 10.6 5.0 2.5 2 0 2 3 3
4948.7 -1128.1 -6.0 119 0 12.3 6.6 7.5 2.5 2 0 3 1 1
4952.1 -1055.1 -3.2 119 0 14.2 8.5 5.0 2.5 2 0 2 3 3
4984.1 -1073.4 -2.9 122 0 11.0 11.4 2.5 0.0 0 1 1 5 5
5303.5 -899.9 -2.9 110 0 13.5 21.0 10.0 2.5 2 1 4 3 3
5283.5 -1512.0 -4.1 289 0 11.4 9.1 2.5 2.5 2 0 1 4 4
5260.6 -1504.0 -3.9 294 0 11.0 11.1 2.5 2.5 4 1 1 2 2
5566.1 -1168.5 -2.7 29 0 11.4 8.0 2.5 2.5 2 0 1 0 0
5185.5 -1373.0 -5.9 22 0 13.6 10.1 7.5 2.5 2 0 3 4 4
5164.9 -1321.3 -6.1 202 0 13.6 10.1 5.0 2.5 2 0 2 1 1
5155.5 -1340.5 -6.2 199 0 9.0 10.3 5.0 2.5 2 1 2 0 0
5169.8 -1394.3 -6.0 105 0 9.1 9.9 2.5 2.5 2 1 1 2 2
4994.6 -1224.5 -6.6 213 0 11.7 10.7 5.0 2.5 2 0 2 5 5
5679.1 -1649.8 -7.6 202 0 9.6 13.2 7.5 2.5 2 1 3 4 4
