-6703.8 -1324.1 -0.4 207 0 9.8 9.2 7.5 2.5 2 0 3 4 4
-6622.3 -1267.5 -2.3 21 0 11.2 10.4 7.5 2.5 2 0 3 2 2
-6554.8 -1185.4 -2.8 171 0 9.9 11.8 5.0 2.5 2 1 2 1 1
-6573.6 -998.5 2.5 181 0 10.7 9.9 7.5 0.0 0 0 3 3 3
-6588.9 -1040.0 1.8 1 0 5.6 13.3 7.5 2.5 2 1 3 0 0
-6597.7 -1008.5 1.9 6 0 10.5 13.5 2.5 2.5 2 1 1 2 2
-6680.5 -1068.7 1.3 184 0 13.5 10.7 7.5 2.5 2 0 3 1 1
-6612.0 -1150.0 -0.9 210 0 13.1 17.2 5.0 2.5 2 1 2 0 0
-6606.5 -1327.4 -2.3 95 0 7.8 11.6 7.5 2.5 2 1 3 2 2
-6622.9 -1322.3 -2.1 103 0 15.7 8.7 7.5 0.0 0 0 3 0 0
-6625.8 -1337.4 -1.8 292 0 12.5 7.5 5.0 2.5 2 0 2 5 5
-6655.7 -1317.6 -1.5 111 0 9.2 10.7 5.0 2.5 2 1 2 5 5
-6671.4 -1317.1 -1.1 293 0 9.6 10.6 7.5 2.5 2 1 3 2 2
-6543.5 -1258.9 -4.1 1 0 27.1 10.6 10.0 2.5 2 0 4 1 1
-6562.7 -1245.0 -4.0 271 0 10.5 32.8 7.5 2.5 2 1 3 1 1
-6521.3 -1326.8 -4.1 275 0 8.4 12.5 2.5 2.5 2 1 1 0 0
-6557.7 -1327.2 -3.6 2 0 23.0 11.0 7.5 2.5 2 0 3 2 2
-5381.7 -2939.7 -6.3 87 0 14.1 25.1 12.5 2.5 4 1 5 3 3
-5352.1 -2925.9 -3.5 268 0 12.8 18.5 5.0 2.5 2 1 2 5 5
-5791.4 -2902.7 -11.1 168 0 10.9 27.5 7.5 2.5 2 1 3 1 1
-5638.4 -2970.3 -2.0 299 0 11.8 12.4 10.0 2.5 4 1 4 5 5
-5614.7 -2930.6 -5.6 274 0 14.2 28.2 10.0 2.5 2 1 4 3 3
-5635.0 -2945.6 -4.8 359 0 14.6 24.5 10.0 2.5 2 1 4 3 3
-5639.9 -3028.1 -1.1 168 0 29.9 15.0 7.5 0.0 0 0 3 4 4
-5667.8 -2997.7 -2.7 79 0 13.3 13.8 5.0 2.5 2 1 2 0 0
-5724.2 -2968.4 -7.0 0 0 15.1 16.9 17.5 0.0 0 1 7 0 0
-5719.8 -2960.6 -7.7 178 0 27.7 20.3 12.5 2.5 2 0 5 0 0
-5990.3 -3207.1 -3.6 169 0 23.1 48.3 10.0 2.5 2 1 4 2 2
-5659.2 -3304.7 -6.0 82 0 20.0 45.9 10.0 2.5 2 1 4 1 1
-5583.9 -3267.1 -4.6 168 0 25.3 44.3 10.0 0.0 0 1 4 1 1
-5391.2 -3183.7 -3.3 258 0 10.7 55.6 10.0 0.0 0 1 4 4 4
-5406.6 -3247.9 -4.9 78 0 12.3 56.2 10.0 2.5 2 1 4 5 5
-5432.2 -3253.8 -4.8 78 0 10.0 53.9 12.5 2.5 2 1 5 4 4
-5459.4 -3259.8 -2.7 78 0 11.8 55.1 12.5 0.0 0 1 5 4 4
-5499.7 -3203.8 -2.8 258 0 10.1 54.2 12.5 2.5 2 1 5 3 3
-5504.7 -3268.0 -3.8 78 0 10.7 50.6 12.5 2.5 2 1 5 0 0
-5645.0 -3235.8 -2.8 262 0 17.8 15.6 12.5 2.5 2 0 5 2 2
-5738.4 -3304.2 -6.3 172 0 28.6 59.0 12.5 0.0 0 1 5 1 1
-1472.1 6214.6 -6.3 354 0 19.0 11.7 7.5 2.5 2 0 3 2 2
-1488.6 6258.6 -5.8 272 0 11.9 28.9 10.0 2.5 2 1 4 0 0
-1533.4 6247.2 -6.2 259 0 11.1 34.4 10.0 2.5 2 1 4 0 0
-1538.8 6261.1 -5.2 87 0 13.0 17.9 7.5 2.5 4 1 3 1 1
-1514.8 6756.5 -5.7 171 0 27.6 16.9 10.0 0.0 0 0 4 3 3
-1614.8 6390.7 2.3 260 0 23.8 16.2 12.5 2.5 4 0 5 5 5
6587.0 868.2 -9.5 355 0 12.5 31.4 14.0 3.5 2 1 4 4 4
6588.7 827.7 -9.0 354 0 11.5 29.9 14.0 3.5 2 1 4 3 3
6514.6 840.1 -9.2 176 0 12.1 31.0 14.0 3.5 2 1 4 0 0
6516.7 822.2 -9.0 176 0 11.7 30.4 14.0 3.5 2 1 4 0 0
-1493.4 6381.6 -0.4 357 0 11.4 11.7 5.0 2.5 4 1 2 3 3
-1496.1 6396.1 0.2 359 0 13.5 9.0 7.5 0.0 0 0 3 4 4
-1267.0 6511.1 1.7 262 0 9.4 11.7 7.5 2.5 2 1 3 4 4
-1255.3 6514.3 1.5 261 0 9.7 12.6 5.0 2.5 2 1 2 0 0
-1249.0 6478.9 1.4 79 0 10.7 11.1 2.5 2.5 2 1 1 5 5
-1261.9 6477.2 1.6 83 0 7.7 10.5 7.5 2.5 4 1 3 4 4
-1272.5 6473.9 1.8 80 0 8.8 11.6 2.5 2.5 4 1 1 4 4
-1298.0 6512.6 2.0 261 0 13.4 46.4 10.0 2.5 2 1 4 1 1
-1279.8 6584.6 2.1 82 0 9.4 10.9 7.5 2.5 2 1 3 5 5
-1272.8 6621.1 2.0 261 0 9.1 10.5 7.5 0.0 0 1 3 1 1
-1296.6 6617.6 2.4 261 0 9.7 12.0 2.5 0.0 0 1 1 2 2
-1316.0 6633.2 2.8 78 0 9.5 11.8 5.0 0.0 0 1 2 3 3
-1305.2 6635.4 2.6 82 0 8.5 11.6 5.0 0.0 0 1 2 0 0
-1268.9 6641.2 2.0 79 0 10.7 12.4 2.5 2.5 2 1 1 4 4
-1273.4 6677.5 2.0 264 0 10.5 11.2 2.5 2.5 2 1 1 2 2
-1287.0 6675.0 2.3 258 0 7.8 10.9 7.5 2.5 2 1 3 1 1
-1297.1 6672.9 2.4 261 0 10.0 10.7 2.5 2.5 2 1 1 4 4
-1389.2 6684.9 1.4 261 0 9.7 11.4 7.5 2.5 2 1 3 3 3
-1375.0 6595.7 2.3 82 0 9.2 12.3 5.0 2.5 2 1 2 1 1
-1393.5 6628.2 1.8 259 0 10.3 9.8 5.0 2.5 4 0 2 5 5
-1391.7 6531.8 2.2 79 0 10.6 47.2 10.0 2.5 4 1 4 5 5
-1353.5 6649.8 1.8 81 0 11.7 46.6 7.5 2.5 2 1 3 0 0
-1344.8 6595.5 2.4 80 0 10.4 45.6 7.5 2.5 2 1 3 4 4
-1306.8 6574.6 2.5 81 0 10.5 46.4 10.0 2.5 2 1 4 2 2
-1256.9 6682.9 1.6 262 0 11.3 43.5 12.5 2.5 2 1 5 0 0
-1181.0 6695.3 0.7 261 0 12.8 44.4 7.5 2.5 2 1 3 4 4
-1226.5 6688.1 0.9 262 0 10.7 43.3 10.0 2.5 2 1 4 4 4
-1196.9 6689.1 0.6 263 0 10.5 12.5 5.0 2.5 2 1 2 4 4
-1212.2 6631.3 0.8 261 0 8.8 11.4 2.5 2.5 2 1 1 4 4
-1199.9 6633.3 0.7 263 0 8.6 11.8 7.5 2.5 2 1 3 4 4
-1182.1 6600.0 0.8 83 0 10.2 12.6 5.0 2.5 2 1 2 0 0
-1222.3 6587.8 1.1 81 0 10.9 46.8 7.5 2.5 4 1 3 3 3
-1171.6 6643.2 0.8 261 0 11.6 46.0 7.5 2.5 2 1 3 3 3
-1162.9 6588.4 0.7 261 0 10.9 45.8 10.0 2.5 2 1 4 0 0
-1197.5 6542.2 0.7 83 0 8.6 12.1 5.0 2.5 2 1 2 5 5
-1191.0 6578.9 0.7 261 0 9.7 11.2 2.5 2.5 2 1 1 3 3
-1202.8 6577.7 0.7 265 0 9.0 12.2 2.5 2.5 4 1 1 2 2
-1221.4 6580.3 0.8 261 0 11.9 47.3 12.5 2.5 2 1 5 2 2
-1212.2 6524.3 -1.2 261 0 11.6 46.6 15.0 0.0 0 1 6 5 5
-1182.6 6524.1 -0.5 260 0 9.7 10.7 7.5 2.5 2 1 3 0 0
-1171.0 6526.8 -0.4 260 0 10.2 11.3 10.0 2.5 4 1 4 2 2
-1165.2 6492.1 -1.4 80 0 9.7 12.0 2.5 2.5 2 1 1 0 0
-1189.2 6488.7 -1.2 84 0 9.6 10.6 5.0 2.5 2 1 2 2 2
-1154.2 6534.1 -1.6 261 0 12.4 45.9 10.0 2.5 2 1 4 1 1
-1144.3 6471.2 -4.2 261 0 11.9 45.0 17.5 0.0 0 1 7 5 5
-1161.5 6464.9 -3.0 258 0 9.5 12.3 7.5 2.5 2 1 3 5 5
-1173.2 6463.4 -2.8 259 0 9.9 11.3 7.5 2.5 2 1 3 5 5
-1202.9 6463.7 -3.4 261 0 12.1 45.8 10.0 0.0 0 1 4 0 0
-1233.8 6458.7 -1.6 261 0 10.2 45.1 12.5 2.5 2 1 5 4 4
-1244.5 6415.0 -0.2 82 0 11.3 11.7 7.5 2.5 2 1 3 5 5
-1576.5 6239.2 -5.9 272 0 15.6 18.6 10.0 2.5 2 1 4 2 2
-1563.6 6178.9 -7.0 350 0 9.1 11.2 7.5 2.5 4 1 3 1 1
-1565.4 6158.8 -7.3 81 0 11.8 10.1 5.0 2.5 2 0 2 0 0
-1636.9 6132.1 -5.6 65 0 11.6 11.7 5.0 2.5 2 1 2 2 2
-1650.5 6161.2 -4.9 247 0 11.2 9.0 5.0 2.5 2 0 2 4 4
-1701.8 6098.2 -2.4 245 0 15.7 10.3 5.0 2.5 2 0 2 2 2
-1646.3 6206.9 -4.2 168 0 11.7 12.0 5.0 2.5 2 1 2 5 5
-1670.1 6199.4 -3.3 126 0 17.6 13.2 5.0 2.5 2 0 2 1 1
-1679.1 6231.6 -2.0 97 0 12.2 10.4 5.0 0.0 0 0 2 5 5
-1575.3 6627.4 1.4 352 0 11.8 20.5 5.0 2.5 2 1 2 3 3
-1569.9 6598.6 1.9 351 0 11.8 22.1 7.5 2.5 2 1 3 5 5
-1616.8 6607.3 2.3 174 0 24.9 12.7 7.5 2.5 2 0 3 3 3
-1589.2 6357.0 0.5 349 0 8.3 9.6 5.0 2.5 2 1 2 5 5
-1569.8 6460.8 4.3 173 0 10.9 10.8 5.0 2.5 2 0 2 1 1
-1558.5 6426.3 3.2 83 0 10.1 13.1 10.0 2.5 2 1 4 1 1
-1582.1 6442.9 3.4 259 0 10.8 23.7 10.0 2.5 2 1 4 0 0
-1610.7 6439.5 3.8 262 0 12.6 23.3 5.0 2.5 2 1 2 5 5
-1638.5 6412.3 3.1 81 0 33.7 13.4 12.5 2.5 2 0 5 3 3
-1680.2 6427.4 2.2 170 0 45.3 11.6 5.0 2.5 2 0 2 0 0
-1626.9 6451.3 2.6 350 0 12.8 34.1 7.5 2.5 2 1 3 2 2
-1625.0 6571.3 2.1 351 0 6.5 34.4 5.0 2.5 4 1 2 1 1
-1636.1 6525.0 2.7 80 0 10.9 6.3 2.5 2.5 2 0 1 0 0
-1663.4 6520.3 1.9 80 0 8.1 34.0 7.5 2.5 4 1 3 1 1
-1692.8 6514.8 1.3 80 0 8.2 38.9 7.5 2.5 2 1 3 0 0
-1679.7 6460.3 1.8 81 0 11.1 44.7 12.5 2.5 2 1 5 2 2
-1632.4 6476.1 2.4 350 0 11.2 34.1 7.5 2.5 4 1 3 2 2
-1653.3 6507.9 2.2 261 0 33.5 11.9 7.5 2.5 4 0 3 4 4
-1619.4 6492.9 3.1 81 0 13.4 23.3 7.5 2.5 2 1 3 3 3
-1574.0 6485.5 3.8 169 0 12.5 23.0 10.0 2.5 2 1 4 4 4
-1556.9 6517.8 3.3 349 0 11.9 21.9 10.0 2.5 2 1 4 3 3
-1591.5 6497.4 3.7 79 0 12.5 22.1 7.5 0.0 0 1 3 2 2
-1596.0 6530.4 3.2 80 0 11.5 35.9 10.0 2.5 2 1 4 0 0
-1565.2 6575.1 2.2 348 0 14.2 23.3 10.0 2.5 4 1 4 5 5
-1561.5 6544.9 2.8 350 0 14.0 21.5 7.5 2.5 2 1 3 1 1
-1415.6 6299.6 -2.8 85 0 8.5 7.4 7.5 2.5 2 0 3 2 2
-1413.8 6328.7 -2.0 268 0 12.1 10.5 5.0 2.5 2 0 2 2 2
-1390.8 6294.5 -2.6 269 0 13.2 11.0 7.5 2.5 4 0 3 0 0
-1398.2 6273.1 -2.9 180 0 10.0 10.4 5.0 2.5 2 1 2 5 5
-1400.4 6239.2 -3.5 181 0 13.7 10.6 5.0 2.5 4 0 2 2 2
-1399.9 6214.4 -3.9 180 0 10.2 9.4 5.0 2.5 2 0 2 2 2
-1453.6 6188.2 -8.3 177 0 10.1 15.3 7.5 2.5 4 1 3 0 0
-1455.0 6175.4 -8.4 173 0 7.2 14.8 5.0 2.5 2 1 2 2 2
-1468.8 6187.3 -7.1 354 0 27.3 11.1 5.0 2.5 2 0 2 3 3
2476.0 2352.8 3.3 14 0 10.9 6.5 2.5 2.5 2 0 1 3 3
2092.3 2140.5 4.5 206 0 12.8 13.3 2.5 2.5 2 1 1 5 5
2150.2 2234.0 3.1 295 0 8.3 15.4 5.0 2.5 2 1 2 3 3
2127.2 2208.7 3.3 210 0 8.1 8.5 5.0 2.5 4 1 2 3 3
2105.7 2197.8 4.1 206 0 8.1 9.4 5.0 2.5 4 1 2 2 2
2115.3 2217.8 3.9 201 0 12.4 9.6 5.0 2.5 4 0 2 1 1
2166.7 2330.3 5.4 204 0 10.2 14.6 5.0 2.5 4 1 2 3 3
2201.3 2300.5 5.8 25 0 12.8 9.9 5.0 2.5 2 0 2 5 5
2394.0 2283.7 2.2 285 0 16.0 15.3 5.0 2.5 2 0 2 3 3
2372.6 2232.7 1.8 109 0 16.1 18.3 7.5 2.5 2 1 3 2 2
2395.7 2341.9 3.9 13 0 15.5 11.1 7.5 2.5 4 0 3 4 4
2373.1 2428.8 5.6 197 0 11.8 11.1 2.5 2.5 4 0 1 2 2
2362.5 2429.2 5.8 19 0 14.2 9.2 5.0 2.5 2 0 2 0 0
2347.1 2351.5 4.9 197 0 12.9 8.1 5.0 2.5 2 0 2 5 5
2493.0 2138.2 0.2 15 0 13.5 13.3 7.5 2.5 2 0 3 3 3
2488.7 2105.8 0.9 196 0 11.4 13.5 7.5 2.5 4 1 3 0 0
2511.3 2046.7 4.4 13 0 13.5 15.9 2.5 0.0 0 1 1 3 3
2554.1 2137.6 0.3 282 0 11.1 10.9 7.5 0.0 0 0 3 4 4
2622.4 2024.9 5.1 196 0 10.3 13.2 5.0 2.5 2 1 2 1 1
2389.0 2005.3 5.6 193 0 17.0 11.5 2.5 2.5 2 0 1 4 4
2667.7 2226.7 1.1 111 0 13.1 11.5 7.5 0.0 0 0 3 2 2
2954.7 2128.9 4.3 113 0 13.7 11.9 5.0 2.5 2 0 2 2 2
2929.6 2146.6 3.4 206 0 12.5 8.8 7.5 2.5 2 0 3 0 0
3022.0 2205.9 5.5 112 0 10.0 24.6 7.5 2.5 2 1 3 0 0
2954.5 2231.7 6.5 112 0 11.7 15.2 5.0 2.5 2 1 2 2 2
2935.5 2224.4 5.1 291 0 11.8 10.1 7.5 2.5 2 0 3 5 5
2894.2 2224.9 3.2 203 0 15.2 15.2 5.0 2.5 2 1 2 2 2
2898.4 2253.7 4.3 18 0 13.1 10.0 5.0 2.5 2 0 2 2 2
2644.1 2236.8 2.5 110 0 13.5 13.1 7.5 2.5 4 0 3 3 3
2648.0 2302.7 6.4 196 0 12.8 11.2 5.0 2.5 2 0 2 4 4
2655.4 2326.1 6.7 195 0 13.3 12.1 7.5 2.5 2 0 3 5 5
2527.1 2423.7 4.1 198 0 21.2 11.4 2.5 2.5 2 0 1 3 3
2495.6 2249.0 0.5 286 0 10.7 18.9 10.0 2.5 2 1 4 1 1
2512.0 2208.4 0.3 17 0 13.6 10.7 2.5 2.5 2 0 1 5 5
2509.1 2147.2 0.3 100 0 10.6 11.9 5.0 2.5 2 1 2 3 3
2498.4 2181.6 0.3 288 0 14.2 14.8 10.0 2.5 2 1 4 2 2
2436.3 2209.0 0.3 103 0 11.9 16.9 5.0 2.5 2 1 2 3 3
2448.5 2235.3 0.6 11 0 12.7 9.8 7.5 0.0 0 0 3 0 0
2441.3 2270.6 1.0 286 0 18.5 23.7 7.5 0.0 0 1 3 5 5
2418.1 2369.4 4.5 192 0 7.9 11.1 5.0 0.0 0 1 2 2 2
2413.3 2355.2 3.7 196 0 19.6 12.8 10.0 2.5 2 0 4 4 4
2402.1 2292.0 2.5 106 0 10.4 28.3 10.0 2.5 2 1 4 3 3
2446.8 2280.3 1.5 107 0 10.7 33.0 10.0 2.5 2 1 4 2 2
2475.1 2331.6 2.2 16 0 24.9 14.8 12.5 2.5 2 0 5 5 5
2552.8 2314.0 6.6 198 0 14.5 8.6 7.5 2.5 2 0 3 0 0
2558.4 2276.3 6.0 126 0 22.6 25.6 10.0 2.5 2 1 4 0 0
2575.6 2256.0 3.5 288 0 16.0 9.9 5.0 2.5 2 0 2 5 5
2738.0 2194.6 0.2 293 0 12.6 9.8 5.0 2.5 2 0 2 5 5
2763.1 2180.3 0.2 297 0 9.1 10.6 7.5 2.5 2 1 3 3 3
2727.7 2207.3 0.2 18 0 8.1 16.6 5.0 2.5 2 1 2 2 2
2750.3 2262.1 1.6 193 0 28.4 29.2 10.0 0.0 0 1 4 4 4
-1335.3 6565.1 3.0 34 0 22.3 23.6 10.0 2.5 2 1 4 5 5
6729.5 1072.6 -3.8 178 0 13.1 10.5 14.0 3.5 2 0 4 5 5
6685.4 1027.9 -3.5 263 0 10.5 14.8 14.0 3.5 2 1 4 1 1
6699.2 1005.9 -3.6 355 0 14.4 15.5 14.0 3.5 2 1 4 0 0
6715.1 1047.0 -3.7 358 0 18.9 14.8 10.5 3.5 2 0 3 1 1
6836.1 1121.0 -5.2 357 0 12.6 11.5 14.0 3.5 2 0 4 4 4
6781.1 1107.9 -4.1 180 0 12.4 9.7 10.5 3.5 2 0 3 5 5
6820.3 1071.6 -3.9 91 0 10.3 9.5 10.5 3.5 2 0 3 3 3
6835.2 1089.9 -4.2 358 0 15.1 10.2 14.0 3.5 2 0 4 0 0
6867.5 1049.7 -3.8 267 0 10.5 18.6 10.5 3.5 2 1 3 1 1
6888.4 1001.1 -3.8 100 0 13.2 13.8 14.0 3.5 2 1 4 0 0
6835.1 1054.5 -3.8 357 0 14.9 10.9 14.0 3.5 2 0 4 1 1
6863.5 996.7 -4.0 271 0 13.0 15.6 14.0 3.5 2 1 4 5 5
6832.8 1013.9 -3.7 0 0 18.1 13.0 10.5 3.5 2 0 3 2 2
6865.7 955.6 -4.6 308 0 14.4 22.8 14.0 3.5 2 1 4 2 2
6828.5 940.6 -4.7 357 0 26.7 12.0 10.5 3.5 2 0 3 3 3
6780.5 869.7 -5.5 176 0 26.5 11.1 10.5 0.0 0 0 3 4 4
6779.3 903.3 -5.2 177 0 34.9 11.7 10.5 3.5 2 0 3 0 0
6777.4 936.8 -4.7 177 0 26.7 11.1 10.5 3.5 2 0 3 4 4
6761.0 941.6 -4.5 355 0 12.7 22.2 14.0 3.5 2 1 4 1 1
