-2444.4 2757.3 -1.8 264 0 36.8 11.8 10.0 2.5 2 0 4 4 4
-2433.6 2734.3 -1.4 260 0 13.9 31.5 7.5 2.5 2 1 3 4 4
-2441.6 2675.4 -1.7 152 0 11.1 29.4 10.0 0.0 0 1 4 2 2
-2399.7 2690.4 -0.5 64 0 12.9 10.6 7.5 2.5 2 0 3 5 5
-2397.1 2763.8 -0.2 263 0 10.4 44.3 7.5 2.5 2 1 3 4 4
-2376.2 2719.4 -0.3 326 0 8.8 9.5 7.5 0.0 0 1 3 3 3
-2389.3 2659.4 -0.1 249 0 9.7 7.0 7.5 2.5 2 0 3 4 4
-2354.2 2658.2 -0.1 339 0 16.4 23.9 7.5 0.0 0 1 3 3 3
-2234.5 2938.4 -0.4 37 0 10.2 9.7 7.5 2.5 4 0 3 2 2
4540.6 -3059.9 -2.6 307 0 19.4 21.3 10.0 2.5 2 1 4 1 1
4347.9 -2643.8 -0.4 291 0 8.4 14.7 7.5 2.5 2 1 3 1 1
6621.8 4499.8 -5.7 22 0 27.7 14.7 12.5 2.5 2 0 5 4 4
6373.7 4629.5 -6.5 206 0 29.2 33.2 7.5 0.0 0 1 3 3 3
-2025.7 3046.1 -0.2 29 0 20.3 36.9 12.5 0.0 0 1 5 0 0
