-5797.9 -2534.4 -2.1 276 0 19.4 27.5 7.5 2.5 2 1 3 5 5
-6856.8 -2068.8 -6.1 299 0 11.2 9.4 5.0 0.0 0 0 2 2 2
-6663.2 -2096.1 -5.6 29 0 21.2 24.9 7.5 0.0 0 1 3 3 3
-6874.4 -1984.8 -5.4 205 0 21.1 10.0 5.0 2.5 2 0 2 5 5
-6802.0 -2034.3 -5.6 218 0 13.5 16.2 5.0 2.5 4 1 2 5 5
-6349.4 -2227.3 -5.1 291 0 16.8 13.7 5.0 2.5 2 0 2 2 2
-6882.0 -1915.3 -4.9 296 0 20.3 15.8 10.0 0.0 0 0 4 3 3
-6839.8 -1937.4 -5.0 295 0 23.9 16.3 7.5 2.5 2 0 3 4 4
-6802.6 -1953.4 -5.0 295 0 22.8 21.1 10.0 2.5 2 0 4 3 3
-6762.6 -1972.5 -5.1 297 0 24.7 18.4 5.0 2.5 2 0 2 0 0
-6739.5 -1989.6 -5.1 296 0 6.3 13.4 5.0 2.5 2 1 2 1 1
-6738.7 -2010.4 -5.1 119 0 11.9 18.9 5.0 2.5 2 1 2 1 1
-6717.3 -2013.1 -5.1 27 0 14.0 12.5 2.5 2.5 2 0 1 0 0
-6688.8 -2012.7 -5.1 298 0 15.5 10.3 5.0 2.5 2 0 2 2 2
-5768.6 -2586.4 -2.4 16 0 10.8 14.4 7.5 2.5 2 1 3 0 0
-5766.6 -2559.9 -1.4 0 0 9.2 14.8 7.5 2.5 2 1 3 4 4
-5773.6 -2534.7 -0.4 275 0 19.5 10.9 5.0 2.5 2 0 2 4 4
-5831.4 -2560.1 -3.0 221 0 7.2 8.4 2.5 2.5 2 1 1 1 1
-5835.2 -2619.6 -6.0 118 0 11.5 7.7 7.5 2.5 2 0 3 4 4
