4605.7 2830.1 -1.5 40 0 15.7 13.7 2.5 2.5 2 0 1 5 5
-2397.7 5596.5 -2.2 21 0 15.9 11.5 7.5 2.5 2 0 3 3 3
-2325.4 5605.0 -2.0 110 0 10.6 27.3 7.5 2.5 2 1 3 1 1
-2697.1 5529.2 -2.5 199 0 9.2 9.2 7.5 2.5 2 0 3 2 2
-2533.9 5605.5 -2.9 112 0 11.2 12.6 5.0 2.5 2 1 2 1 1
-2503.3 5643.6 -2.7 204 0 15.1 12.2 7.5 0.0 0 0 3 1 1
-2464.7 5627.3 -2.4 201 0 17.7 11.5 10.0 2.5 2 0 4 5 5
-2479.1 5577.7 -3.3 289 0 14.9 15.2 7.5 2.5 2 1 3 4 4
-2486.1 5497.9 -4.2 22 0 15.8 12.5 2.5 2.5 2 0 1 4 4
-2491.0 5542.1 -3.8 291 0 14.0 16.4 7.5 2.5 2 1 3 2 2
-2441.0 5590.3 -2.5 200 0 15.6 12.5 7.5 2.5 2 0 3 5 5
-2363.2 5644.0 -1.6 200 0 46.1 10.4 12.5 2.5 2 0 5 4 4
-2374.7 5555.6 -3.3 112 0 14.8 17.7 7.5 2.5 2 1 3 3 3
